0.0424194	
0.0408936	
0.0402832	
0.0408936	
0.0408936	
0.039978	
0.0393677	
0.0408936	
0.0436401	
0.0442505	
0.0421143	
0.0387573	
0.0357056	
0.0344849	
0.0335693	
0.0332642	
0.0326538	
0.0317383	
0.0311279	
0.0314331	
0.0323486	
0.0332642	
0.0338745	
0.0332642	
0.0323486	
0.0308228	
0.0289917	
0.0283813	
0.0271606	
0.0259399	
0.0238037	
0.022583	
0.0238037	
0.0271606	
0.027771	
0.0259399	
0.0244141	
0.0259399	
0.0283813	
0.0317383	
0.0341797	
0.0360107	
0.0366211	
0.0357056	
0.0357056	
0.0360107	
0.0366211	
0.0363159	
0.0372314	
0.0384521	
0.0396729	
0.0393677	
0.0396729	
0.0384521	
0.0372314	
0.0366211	
0.0360107	
0.0360107	
0.0354004	
0.0338745	
0.0320435	
0.0317383	
0.0332642	
0.0354004	
0.0363159	
0.0360107	
0.0363159	
0.0366211	
0.0369263	
0.0372314	
0.0369263	
0.0363159	
0.0344849	
0.0335693	
0.0323486	
0.0317383	
0.0305176	
0.0305176	
0.0314331	
0.032959	
0.0350952	
0.0360107	
0.0363159	
0.0344849	
0.0311279	
0.0280762	
0.0274658	
0.0299072	
0.0326538	
0.0338745	
0.03479	
0.0360107	
0.0369263	
0.0369263	
0.0366211	
0.0354004	
0.0338745	
0.0332642	
0.0341797	
0.0350952	
0.0354004	
0.0360107	
0.0378418	
0.0387573	
0.0378418	
0.0360107	
0.0357056	
0.0378418	
0.0393677	
0.039978	
0.0405884	
0.0408936	
0.0408936	
0.0384521	
0.0350952	
0.0332642	
0.0338745	
0.0357056	
0.0372314	
0.0372314	
0.0360107	
0.0338745	
0.0320435	
0.0302124	
0.0296021	
0.0286865	
0.027771	
0.0262451	
0.0253296	
0.0271606	
0.0305176	
0.032959	
0.032959	
0.0308228	
0.0292969	
0.0292969	
0.0314331	
0.0341797	
0.0357056	
0.03479	
0.0332642	
0.0338745	
0.0363159	
0.038147	
0.0369263	
0.03479	
0.0341797	
0.0357056	
0.0363159	
0.0335693	
0.0305176	
0.0299072	
0.0311279	
0.032959	
0.0326538	
0.0311279	
0.0296021	
0.0292969	
0.0296021	
0.0305176	
0.0302124	
0.0274658	
0.0244141	
0.022583	
0.0244141	
0.027771	
0.0308228	
0.0320435	
0.0323486	
0.0317383	
0.0314331	
0.0314331	
0.0317383	
0.0311279	
0.0292969	
0.0289917	
0.0317383	
0.0344849	
0.0354004	
0.0335693	
0.0323486	
0.032959	
0.0341797	
0.0344849	
0.0320435	
0.0292969	
0.0271606	
0.0256348	
0.0247192	
0.0231934	
0.0222778	
0.0213623	
0.0228882	
0.0231934	
0.0234985	
0.0238037	
0.0268555	
0.0302124	
0.0299072	
0.0265503	
0.0234985	
0.0228882	
0.022583	
0.020752	
0.0195313	
0.0204468	
0.0222778	
0.0231934	
0.0219727	
0.0195313	
0.017395	
0.0167847	
0.017395	
0.0183105	
0.017395	
0.0143433	
0.0115967	
0.00976563	
0.00946045	
0.0100708	
0.0106812	
0.0115967	
0.0131226	
0.0140381	
0.0158691	
0.0177002	
0.0192261	
0.0204468	
0.0210571	
0.0213623	
0.020752	
0.017395	
0.0137329	
0.0119019	
0.012207	
0.0140381	
0.0161743	
0.017395	
0.0180054	
0.0183105	
0.0170898	
0.0161743	
0.0143433	
0.0134277	
0.0137329	
0.015564	
0.0186157	
0.0195313	
0.0189209	
0.015564	
0.0119019	
0.00854492	
0.00793457	
0.0119019	
0.0167847	
0.0198364	
0.0192261	
0.0167847	
0.0149536	
0.0134277	
0.0106812	
0.00854492	
0.00701904	
0.00701904	
0.00732422	
0.00701904	
0.00518799	
0.00427246	
0.00427246	
0.00671387	
0.00854492	
0.00732422	
0.00457764	
0.00305176	
0.00396729	
0.00701904	
0.010376	
0.0112915	
0.0100708	
0.0088501	
0.00946045	
0.0115967	
0.0125122	
0.0106812	
0.00854492	
0.00793457	
0.0100708	
0.0128174	
0.0137329	
0.0119019	
0.00976563	
0.0088501	
0.0106812	
0.0131226	
0.0158691	
0.0180054	
0.0186157	
0.0170898	
0.0134277	
0.0112915	
0.0125122	
0.015564	
0.0183105	
0.0195313	
0.0201416	
0.0195313	
0.0170898	
0.0134277	
0.0115967	
0.0137329	
0.0164795	
0.0183105	
0.0186157	
0.0183105	
0.0180054	
0.0170898	
0.0164795	
0.0170898	
0.017395	
0.0170898	
0.0177002	
0.0180054	
0.0198364	
0.0201416	
0.0198364	
0.0201416	
0.0195313	
0.0189209	
0.0186157	
0.0186157	
0.0177002	
0.0137329	
0.00854492	
0.00579834	
0.00640869	
0.0100708	
0.0128174	
0.0143433	
0.0149536	
0.0140381	
0.0131226	
0.0119019	
0.0112915	
0.0128174	
0.0137329	
0.0137329	
0.0137329	
0.0143433	
0.0143433	
0.012207	
0.00793457	
0.00579834	
0.00640869	
0.00610352	
0.00518799	
0.00457764	
0.00518799	
0.00762939	
0.00976563	
0.012207	
0.0146484	
0.0152588	
0.0152588	
0.0149536	
0.0149536	
0.0146484	
0.0131226	
0.0106812	
0.0088501	
0.00946045	
0.0119019	
0.0140381	
0.0137329	
0.0119019	
0.0106812	
0.0112915	
0.0131226	
0.0143433	
0.0131226	
0.0109863	
0.00976563	
0.0106812	
0.0125122	
0.0134277	
0.0143433	
0.0140381	
0.0140381	
0.0140381	
0.0140381	
0.0140381	
0.0131226	
0.0128174	
0.0137329	
0.0152588	
0.0146484	
0.0128174	
0.0119019	
0.0131226	
0.0140381	
0.0146484	
0.0137329	
0.0134277	
0.012207	
0.0112915	
0.010376	
0.010376	
0.012207	
0.0146484	
0.0167847	
0.0170898	
0.015564	
0.0134277	
0.0119019	
0.0112915	
0.0109863	
0.0112915	
0.0109863	
0.010376	
0.010376	
0.0115967	
0.012207	
0.0115967	
0.0115967	
0.0134277	
0.0164795	
0.0192261	
0.0195313	
0.0183105	
0.0167847	
0.0167847	
0.0158691	
0.0149536	
0.0134277	
0.0131226	
0.012207	
0.00915527	
0.00640869	
0.00640869	
0.00976563	
0.0131226	
0.0137329	
0.012207	
0.00946045	
0.00732422	
0.00793457	
0.010376	
0.0137329	
0.0149536	
0.0137329	
0.0119019	
0.0119019	
0.012207	
0.0115967	
0.00823975	
0.00488281	
0.00457764	
0.00671387	
0.0088501	
0.0088501	
0.00732422	
0.00549316	
0.00457764	
0.00488281	
0.00610352	
0.00732422	
0.00823975	
0.0088501	
0.0088501	
0.00915527	
0.00854492	
0.00762939	
0.00640869	
0.00488281	
0.00305176	
0.00183105	
0.00244141	
0.00427246	
0.00610352	
0.00610352	
0.00610352	
0.00640869	
0.00762939	
0.00823975	
0.00762939	
0.00732422	
0.00762939	
0.00793457	
0.00762939	
0.00793457	
0.00823975	
0.00762939	
0.00640869	
0.00579834	
0.00732422	
0.010376	
0.0134277	
0.015564	
0.0164795	
0.0164795	
0.0164795	
0.0170898	
0.017395	
0.0183105	
0.0186157	
0.0189209	
0.0180054	
0.015564	
0.012207	
0.00915527	
0.00701904	
0.00610352	
0.00640869	
0.0088501	
0.00946045	
0.00671387	
0.00213623	
-0.00183105	
-0.00305176	
-0.00213623	
-0.000305176	
0.000610352	
0.0012207	
0.00152588	
0.00213623	
0.00244141	
0.00244141	
0.00183105	
0.00213623	
0.00244141	
0.00183105	
0.000610352	
-0.000305176	
0.0012207	
0.00457764	
0.00823975	
0.0109863	
0.0125122	
0.0119019	
0.00915527	
0.00518799	
0.00274658	
0.00457764	
0.00274658	
-0.0100708	
-0.0378418	
-0.0747681	
-0.112	
-0.149231	
-0.188904	
-0.230408	
-0.271301	
-0.308228	
-0.341187	
-0.371094	
-0.400085	
-0.429077	
-0.457458	
-0.482788	
-0.500183	
-0.509644	
-0.51239	
-0.510254	
-0.505676	
-0.500183	
-0.496521	
-0.496216	
-0.498047	
-0.501404	
-0.502319	
-0.501404	
-0.499268	
-0.499268	
-0.500488	
-0.501709	
-0.500793	
-0.498047	
-0.494385	
-0.490723	
-0.488586	
-0.488892	
-0.489197	
-0.487366	
-0.482788	
-0.477905	
-0.475464	
-0.474548	
-0.472717	
-0.471497	
-0.474548	
-0.482788	
-0.491638	
-0.494995	
-0.491638	
-0.48584	
-0.481567	
-0.481262	
-0.482483	
-0.484314	
-0.484314	
-0.484314	
-0.484009	
-0.484619	
-0.48584	
-0.48584	
-0.484924	
-0.482483	
-0.479126	
-0.476074	
-0.474548	
-0.475159	
-0.4776	
-0.480347	
-0.480957	
-0.478821	
-0.474548	
-0.470276	
-0.466919	
-0.465698	
-0.465088	
-0.463867	
-0.462341	
-0.460205	
-0.45929	
-0.458679	
-0.458069	
-0.458069	
-0.45929	
-0.461731	
-0.463257	
-0.461731	
-0.458679	
-0.455933	
-0.455322	
-0.454712	
-0.453796	
-0.451965	
-0.450134	
-0.449829	
-0.449829	
-0.45105	
-0.45166	
-0.450134	
-0.448303	
-0.446777	
-0.445862	
-0.443726	
-0.440674	
-0.437622	
-0.435486	
-0.434875	
-0.436096	
-0.438538	
-0.439453	
-0.438538	
-0.437622	
-0.438538	
-0.440063	
-0.440063	
-0.438843	
-0.437622	
-0.436707	
-0.436096	
-0.435791	
-0.436096	
-0.437012	
-0.438843	
-0.439148	
-0.437622	
-0.434265	
-0.431213	
-0.429688	
-0.419617	
-0.394897	
-0.357361	
-0.315552	
-0.276489	
-0.238647	
-0.198364	
-0.155334	
-0.110474	
-0.0650024	
-0.0219727	
0.0140381	
0.0445557	
0.0689697	
0.0872803	
0.0967407	
0.0985718	
0.0970459	
0.0949097	
0.0939941	
0.0939941	
0.0949097	
0.09552	
0.0961304	
0.0970459	
0.0979614	
0.0979614	
0.0970459	
0.0958252	
0.0958252	
0.0958252	
0.0958252	
0.09552	
0.0946045	
0.0933838	
0.0924683	
0.090332	
0.0888062	
0.088501	
0.0942993	
0.105591	
0.120544	
0.131531	
0.133972	
0.131531	
0.129395	
0.1297	
0.131226	
0.131531	
0.131226	
0.13092	
0.13031	
0.1297	
0.129395	
0.129089	
0.129395	
0.1297	
0.129395	
0.13031	
0.130005	
0.13031	
0.13031	
0.131226	
0.131531	
0.130005	
0.127869	
0.126038	
0.125122	
0.124512	
0.124207	
0.125732	
0.128174	
0.13031	
0.131531	
0.130615	
0.128479	
0.127258	
0.125427	
0.124207	
0.123596	
0.121765	
0.119019	
0.115967	
0.113831	
0.113525	
0.113525	
0.115051	
0.117493	
0.119324	
0.119629	
0.118713	
0.116882	
0.114746	
0.113525	
0.112915	
0.113525	
0.114441	
0.115356	
0.116272	
0.116577	
0.115051	
0.11261	
0.111084	
0.111084	
0.111389	
0.111389	
0.111084	
0.111389	
0.112305	
0.111694	
0.109558	
0.108032	
0.107727	
0.108948	
0.110474	
0.111694	
0.112305	
0.111694	
0.109558	
0.107422	
0.105896	
0.106201	
0.106506	
0.106506	
0.105896	
0.106201	
0.107117	
0.108337	
0.108948	
0.108032	
0.106812	
0.10437	
0.101624	
0.101013	
0.101318	
0.102844	
0.103149	
0.103149	
0.102539	
0.101929	
0.101929	
0.103149	
0.103455	
0.102844	
0.101624	
0.0997925	
0.0991821	
0.0997925	
0.100708	
0.101013	
0.0985718	
0.0958252	
0.0949097	
0.0952148	
0.0961304	
0.0958252	
0.0958252	
0.0949097	
0.0946045	
0.0942993	
0.0942993	
0.0942993	
0.09552	
0.0964355	
0.0970459	
0.0961304	
0.0949097	
0.0946045	
0.0942993	
0.0958252	
0.0973511	
0.098877	
0.0994873	
0.098877	
0.0973511	
0.0958252	
0.0958252	
0.0976563	
0.0991821	
0.0982666	
0.09552	
0.0930786	
0.0906372	
0.0894165	
0.0881958	
0.0888062	
0.0906372	
0.0918579	
0.0930786	
0.0939941	
0.0949097	
0.0942993	
0.0921631	
0.090332	
0.0888062	
0.0888062	
0.090332	
0.0921631	
0.0918579	
0.0891113	
0.0869751	
0.0848389	
0.0772095	
0.0601196	
0.0323486	
-0.00183105	
-0.038147	
-0.0762939	
-0.115051	
-0.152283	
-0.188904	
-0.224609	
-0.257568	
-0.287476	
-0.313721	
-0.338135	
-0.359802	
-0.375671	
-0.386658	
-0.391235	
-0.392151	
-0.390015	
-0.388184	
-0.388489	
-0.39032	
-0.39032	
-0.390625	
-0.39032	
-0.39093	
-0.391846	
-0.392761	
-0.393677	
-0.393982	
-0.392761	
-0.39093	
-0.391541	
-0.393677	
-0.395508	
-0.395813	
-0.394592	
-0.394592	
-0.395813	
-0.397034	
-0.397034	
-0.396729	
-0.396729	
-0.397034	
-0.395813	
-0.393372	
-0.391235	
-0.390625	
-0.391846	
-0.391846	
-0.391541	
-0.390625	
-0.389404	
-0.388184	
-0.386658	
-0.386658	
-0.387878	
-0.386963	
-0.384216	
-0.379944	
-0.378113	
-0.382385	
-0.393982	
-0.410461	
-0.42511	
-0.43457	
-0.438843	
-0.440063	
-0.439758	
-0.437317	
-0.434265	
-0.431824	
-0.431213	
-0.430908	
-0.429382	
-0.427856	
-0.429077	
-0.431824	
-0.43396	
-0.43335	
-0.432129	
-0.431519	
-0.432129	
-0.432434	
-0.431824	
-0.430603	
-0.429077	
-0.428162	
-0.426331	
-0.424194	
-0.422668	
-0.421448	
-0.421753	
-0.422058	
-0.422058	
-0.422363	
-0.422058	
-0.421448	
-0.420837	
-0.420532	
-0.419312	
-0.41748	
-0.416565	
-0.418091	
-0.421143	
-0.422058	
-0.421143	
-0.420227	
-0.420532	
-0.421753	
-0.420837	
-0.418091	
-0.415344	
-0.413208	
-0.412292	
-0.411072	
-0.409546	
-0.409851	
-0.411377	
-0.412903	
-0.413208	
-0.398254	
-0.367126	
-0.323792	
-0.281067	
-0.246887	
-0.216675	
-0.185852	
-0.152588	
-0.115051	
-0.0753784	
-0.0338745	
0.00396729	
0.0369263	
0.0613403	
0.0762939	
0.0866699	
0.093689	
0.0976563	
0.0976563	
0.0967407	
0.0976563	
0.100098	
0.101318	
0.100098	
0.0985718	
0.0973511	
0.0964355	
0.0967407	
0.0970459	
0.0985718	
0.100403	
0.101929	
0.101624	
0.0991821	
0.0964355	
0.0949097	
0.0949097	
0.0949097	
0.0939941	
0.0924683	
0.0909424	
0.090332	
0.090332	
0.0915527	
0.100708	
0.119934	
0.144043	
0.163269	
0.171509	
0.173035	
0.171814	
0.171204	
0.171509	
0.17334	
0.174866	
0.17334	
0.169983	
0.167542	
0.167236	
0.167847	
0.168152	
0.167542	
0.166321	
0.166016	
0.166321	
0.167542	
0.168762	
0.169983	
0.170593	
0.169983	
0.166321	
0.160828	
0.15625	
0.153809	
0.155029	
0.157776	
0.159912	
0.161133	
0.161743	
0.162354	
0.162354	
0.161438	
0.160828	
0.162354	
0.164185	
0.16449	
0.163269	
0.161438	
0.161133	
0.161438	
0.160828	
0.161133	
0.162354	
0.16449	
0.16449	
0.163574	
0.163269	
0.163574	
0.163269	
0.161133	
0.159607	
0.159302	
0.160217	
0.159912	
0.158386	
0.156555	
0.15625	
0.158386	
0.160217	
0.161438	
0.160828	
0.159302	
0.157471	
0.155334	
0.153809	
0.153198	
0.152893	
0.152283	
0.151367	
0.150757	
0.149841	
0.149231	
0.148315	
0.148315	
0.148926	
0.149231	
0.149536	
0.149841	
0.150757	
0.151672	
0.152893	
0.153809	
0.153809	
0.152893	
0.151978	
0.150452	
0.148926	
0.147705	
0.14679	
0.146484	
0.145874	
0.144348	
0.142212	
0.140381	
0.139465	
0.13916	
0.137939	
0.135193	
0.132751	
0.130005	
0.1297	
0.1297	
0.13031	
0.131836	
0.133972	
0.136414	
0.136719	
0.134583	
0.132446	
0.130615	
0.13092	
0.13031	
0.129395	
0.128479	
0.128784	
0.1297	
0.13031	
0.13092	
0.130615	
0.13092	
0.131226	
0.13092	
0.13092	
0.130615	
0.13092	
0.130615	
0.13031	
0.1297	
0.129089	
0.128784	
0.128784	
0.128479	
0.126953	
0.125427	
0.123901	
0.118713	
0.106201	
0.0845337	
0.057373	
0.0296021	
-0.000610352	
-0.032959	
-0.0671387	
-0.100098	
-0.130005	
-0.158997	
-0.185242	
-0.208435	
-0.22583	
-0.239868	
-0.251465	
-0.257874	
-0.257263	
-0.255127	
-0.255737	
-0.259094	
-0.26123	
-0.259399	
-0.256348	
-0.252075	
-0.247192	
-0.243835	
-0.244751	
-0.248413	
-0.251465	
-0.252075	
-0.25116	
-0.249939	
-0.247498	
-0.244446	
-0.242615	
-0.24292	
-0.245972	
-0.248718	
-0.250549	
-0.250549	
-0.248718	
-0.247803	
-0.247498	
-0.249939	
-0.25177	
-0.251465	
-0.249329	
-0.247498	
-0.246277	
-0.246582	
-0.247498	
-0.248413	
-0.248718	
-0.248718	
-0.247498	
-0.245056	
-0.240784	
-0.237732	
-0.238647	
-0.242615	
-0.246277	
-0.248108	
-0.248718	
-0.249023	
-0.249023	
-0.248413	
-0.248413	
-0.248413	
-0.247192	
-0.245972	
-0.244751	
-0.245361	
-0.247803	
-0.250244	
-0.252991	
-0.253601	
-0.25238	
-0.249634	
-0.248413	
-0.248718	
-0.250244	
-0.250244	
-0.249329	
-0.247498	
-0.245361	
-0.244751	
-0.244141	
-0.24353	
-0.242004	
-0.241089	
-0.240784	
-0.241394	
-0.24231	
-0.243835	
-0.246277	
-0.247498	
-0.246887	
-0.245667	
-0.243835	
-0.242615	
-0.241394	
-0.241089	
-0.240173	
-0.238953	
-0.237122	
-0.234985	
-0.233154	
-0.232544	
-0.233765	
-0.235291	
-0.228577	
-0.211792	
-0.188293	
-0.170288	
-0.158997	
-0.147705	
-0.127563	
-0.100098	
-0.0759888	
-0.0585938	
-0.0430298	
-0.022583	
0.00274658	
0.0268555	
0.0460815	
0.0616455	
0.078125	
0.0952148	
0.11322	
0.129089	
0.141907	
0.151978	
0.156555	
0.15686	
0.154724	
0.154114	
0.155334	
0.155945	
0.155945	
0.15625	
0.15564	
0.152893	
0.148315	
0.145264	
0.144653	
0.145569	
0.145569	
0.145264	
0.144958	
0.144348	
0.142822	
0.141296	
0.140686	
0.140991	
0.141602	
0.141907	
0.141907	
0.142212	
0.142517	
0.143127	
0.144653	
0.144043	
0.142517	
0.141907	
0.142212	
0.142822	
0.141907	
0.140381	
0.140686	
0.141602	
0.141296	
0.140076	
0.137939	
0.13916	
0.144653	
0.151367	
0.155334	
0.155334	
0.153809	
0.153198	
0.151367	
0.14801	
0.144043	
0.140991	
0.140076	
0.140076	
0.140686	
0.142517	
0.143433	
0.143127	
0.141602	
0.140076	
0.138245	
0.137024	
0.135803	
0.136108	
0.137939	
0.139771	
0.140076	
0.13855	
0.136108	
0.134583	
0.134277	
0.134583	
0.134888	
0.135498	
0.135498	
0.135803	
0.136414	
0.137329	
0.138245	
0.137939	
0.136414	
0.134583	
0.134277	
0.135193	
0.135803	
0.136108	
0.135498	
0.135498	
0.137024	
0.13916	
0.140686	
0.140076	
0.137329	
0.133667	
0.1297	
0.127258	
0.126648	
0.127869	
0.130005	
0.131226	
0.133057	
0.134583	
0.135498	
0.135803	
0.134888	
0.133972	
0.133362	
0.132751	
0.131836	
0.131226	
0.13031	
0.130615	
0.13092	
0.130615	
0.130005	
0.130005	
0.1297	
0.129395	
0.129395	
0.129089	
0.128479	
0.127258	
0.125732	
0.124512	
0.123901	
0.124207	
0.125427	
0.125732	
0.124817	
0.125427	
0.125732	
0.126648	
0.126343	
0.125732	
0.124817	
0.123901	
0.122681	
0.121765	
0.121155	
0.120544	
0.119019	
0.117493	
0.115662	
0.114746	
0.115356	
0.116882	
0.118103	
0.118103	
0.118103	
0.119324	
0.120544	
0.12146	
0.12146	
0.12146	
0.121765	
0.122986	
0.122986	
0.122681	
0.12146	
0.120239	
0.120544	
0.120544	
0.119324	
0.117493	
0.116577	
0.117798	
0.119934	
0.12207	
0.122375	
0.121765	
0.119019	
0.115967	
0.112	
0.109253	
0.107422	
0.107422	
0.108337	
0.105286	
0.0994873	
0.0897217	
0.0799561	
0.0708008	
0.0619507	
0.0546265	
0.0518799	
0.0524902	
0.0497437	
0.043335	
0.0354004	
0.03479	
0.0405884	
0.0448608	
0.0466919	
0.0448608	
0.0457764	
0.050354	
0.0567627	
0.06073	
0.06073	
0.0561523	
0.0531006	
0.0521851	
0.0543213	
0.0570679	
0.0576782	
0.0564575	
0.055542	
0.0549316	
0.0558472	
0.0561523	
0.0564575	
0.0567627	
0.0576782	
0.0585938	
0.0585938	
0.057373	
0.0552368	
0.0546265	
0.0558472	
0.0570679	
0.057373	
0.0558472	
0.0558472	
0.057373	
0.0585938	
0.0582886	
0.0558472	
0.0534058	
0.0506592	
0.0460815	
0.0415039	
0.038147	
0.0360107	
0.0341797	
0.0302124	
0.0253296	
0.0210571	
0.0192261	
0.0210571	
0.0262451	
0.0302124	
0.0317383	
0.0314331	
0.0305176	
0.0280762	
0.0253296	
0.0228882	
0.0216675	
0.0210571	
0.0198364	
0.0198364	
0.0204468	
0.0219727	
0.0228882	
0.0241089	
0.0265503	
0.027771	
0.027771	
0.0253296	
0.0228882	
0.0204468	
0.0198364	
0.0201416	
0.0234985	
0.0259399	
0.0262451	
0.0241089	
0.0228882	
0.0247192	
0.027771	
0.0289917	
0.0274658	
0.0244141	
0.0241089	
0.0253296	
0.0268555	
0.0274658	
0.0274658	
0.0289917	
0.0317383	
0.0341797	
0.0341797	
0.0323486	
0.0335693	
0.0396729	
0.0485229	
0.0592041	
0.0720215	
0.0872803	
0.0997925	
0.105286	
0.105896	
0.109253	
0.119629	
0.132141	
0.139771	
0.140686	
0.140381	
0.142212	
0.144958	
0.142822	
0.137634	
0.136719	
0.142517	
0.152283	
0.158691	
0.159912	
0.158691	
0.156555	
0.152893	
0.151367	
0.151672	
0.154114	
0.15564	
0.153809	
0.151367	
0.149841	
0.149231	
0.148621	
0.146484	
0.145874	
0.146484	
0.14801	
0.148315	
0.144653	
0.140076	
0.136414	
0.136414	
0.140076	
0.143738	
0.144653	
0.144043	
0.143433	
0.143433	
0.143127	
0.141296	
0.13916	
0.138855	
0.139771	
0.140686	
0.141602	
0.142212	
0.141907	
0.139465	
0.133972	
0.128174	
0.125122	
0.125427	
0.128174	
0.130005	
0.129089	
0.127869	
0.127258	
0.127563	
0.128174	
0.127563	
0.126343	
0.125732	
0.125427	
0.126343	
0.128174	
0.129089	
0.128784	
0.126038	
0.122681	
0.120239	
0.119324	
0.119324	
0.119934	
0.12146	
0.122986	
0.124512	
0.125427	
0.126038	
0.126038	
0.124512	
0.123291	
0.122986	
0.122375	
0.120239	
0.117493	
0.116272	
0.117493	
0.118713	
0.118103	
0.116577	
0.115662	
0.115967	
0.116577	
0.117798	
0.117493	
0.117188	
0.115356	
0.114746	
0.113831	
0.113831	
0.11322	
0.112915	
0.112915	
0.11322	
0.112915	
0.11261	
0.112915	
0.113831	
0.115051	
0.116272	
0.115356	
0.112915	
0.109863	
0.108337	
0.108337	
0.109253	
0.109253	
0.108337	
0.106812	
0.105591	
0.105896	
0.106812	
0.107117	
0.106506	
0.105286	
0.10376	
0.104065	
0.106201	
0.107727	
0.108643	
0.108337	
0.108032	
0.108337	
0.107422	
0.106506	
0.105591	
0.10437	
0.10437	
0.104065	
0.104065	
0.103455	
0.104065	
0.10437	
0.104065	
0.103149	
0.101929	
0.103455	
0.105591	
0.106506	
0.105286	
0.10437	
0.10498	
0.106506	
0.103455	
0.0994873	
0.107422	
0.128479	
0.157166	
0.185242	
0.208435	
0.232544	
0.254211	
0.273743	
0.288391	
0.299683	
0.306396	
0.314331	
0.322876	
0.332336	
0.339355	
0.34668	
0.353394	
0.357971	
0.357666	
0.353699	
0.350342	
0.350037	
0.351563	
0.352783	
0.353699	
0.353088	
0.352783	
0.352783	
0.353394	
0.354919	
0.354614	
0.352173	
0.3479	
0.345154	
0.345459	
0.34668	
0.348206	
0.348511	
0.347595	
0.345764	
0.342712	
0.340271	
0.33905	
0.337219	
0.334778	
0.332947	
0.332031	
0.331726	
0.330811	
0.3302	
0.331116	
0.331116	
0.32959	
0.328064	
0.326233	
0.326843	
0.329285	
0.331726	
0.332642	
0.330811	
0.328674	
0.327148	
0.325928	
0.323486	
0.32135	
0.319214	
0.318298	
0.317383	
0.317078	
0.316162	
0.314636	
0.314941	
0.315247	
0.316162	
0.316162	
0.315552	
0.314941	
0.314636	
0.3125	
0.310059	
0.308228	
0.307922	
0.307922	
0.306702	
0.304871	
0.30365	
0.303955	
0.303955	
0.303955	
0.304565	
0.305176	
0.305786	
0.304871	
0.30426	
0.30365	
0.30304	
0.300903	
0.299072	
0.298462	
0.300293	
0.300903	
0.299377	
0.296631	
0.296631	
0.299683	
0.301819	
0.300903	
0.298462	
0.296936	
0.297546	
0.297546	
0.296021	
0.293579	
0.292053	
0.293274	
0.293579	
0.292969	
0.290527	
0.287476	
0.284729	
0.281982	
0.281677	
0.284729	
0.28656	
0.281372	
0.265808	
0.24353	
0.221863	
0.205078	
0.19165	
0.176697	
0.157471	
0.133972	
0.110168	
0.0875854	
0.0680542	
0.0531006	
0.0408936	
0.0305176	
0.0222778	
0.0183105	
0.0164795	
0.0152588	
0.0149536	
0.0186157	
0.0244141	
0.0271606	
0.0244141	
0.020752	
0.0186157	
0.0189209	
0.0186157	
0.0189209	
0.0186157	
0.017395	
0.0137329	
0.0106812	
0.0106812	
0.0134277	
0.0158691	
0.0158691	
0.0164795	
0.0189209	
0.0234985	
0.0268555	
0.0274658	
0.0256348	
0.0238037	
0.022583	
0.0219727	
0.0201416	
0.017395	
0.0146484	
0.0195313	
0.0286865	
0.0387573	
0.0411987	
0.0372314	
0.0317383	
0.0292969	
0.027771	
0.0268555	
0.0265503	
0.027771	
0.0296021	
0.0302124	
0.0283813	
0.0247192	
0.0213623	
0.0189209	
0.0189209	
0.0204468	
0.0228882	
0.0250244	
0.0262451	
0.0271606	
0.027771	
0.0286865	
0.0286865	
0.0268555	
0.0241089	
0.0213623	
0.020752	
0.0216675	
0.0228882	
0.0234985	
0.022583	
0.020752	
0.0201416	
0.020752	
0.0219727	
0.0228882	
0.0244141	
0.0262451	
0.0280762	
0.027771	
0.0262451	
0.0259399	
0.0256348	
0.0262451	
0.0253296	
0.0238037	
0.0231934	
0.0234985	
0.0244141	
0.0253296	
0.0265503	
0.0271606	
0.0283813	
0.027771	
0.0265503	
0.0247192	
0.022583	
0.020752	
0.0201416	
0.0210571	
0.022583	
0.0228882	
0.022583	
0.0234985	
0.0250244	
0.0250244	
0.0234985	
0.0222778	
0.0213623	
0.0213623	
0.0210571	
0.0204468	
0.0186157	
0.0167847	
0.0158691	
0.0161743	
0.0161743	
0.0164795	
0.0164795	
0.0170898	
0.0170898	
0.0170898	
0.0183105	
0.0204468	
0.0222778	
0.0228882	
0.0219727	
0.0210571	
0.0201416	
0.0186157	
0.0161743	
0.0131226	
0.0119019	
0.012207	
0.0131226	
0.0143433	
0.0149536	
0.0167847	
0.0183105	
0.0183105	
0.017395	
0.0177002	
0.0186157	
0.0183105	
0.0161743	
0.0152588	
0.0161743	
0.0167847	
0.0152588	
0.0119019	
0.0100708	
0.0119019	
0.0134277	
0.0140381	
0.0143433	
0.0149536	
0.0161743	
0.0161743	
0.0146484	
0.0128174	
0.0112915	
0.0100708	
0.00976563	
0.00976563	
0.0106812	
0.0112915	
0.0128174	
0.0137329	
0.0149536	
0.0161743	
0.0167847	
0.015564	
0.0134277	
0.0119019	
0.0115967	
0.012207	
0.012207	
0.0119019	
0.0128174	
0.0149536	
0.0161743	
0.0149536	
0.0119019	
0.00946045	
0.00793457	
0.00549316	
0.00457764	
0.00518799	
0.00671387	
0.00823975	
0.00823975	
0.00793457	
0.00823975	
0.0088501	
0.00762939	
0.00915527	
0.0210571	
0.043335	
0.0717163	
0.0994873	
0.125427	
0.152893	
0.180664	
0.209351	
0.239258	
0.26947	
0.298767	
0.323486	
0.344849	
0.363159	
0.377197	
0.388489	
0.39856	
0.406799	
0.414734	
0.419922	
0.423889	
0.426636	
0.426636	
0.4245	
0.422668	
0.423279	
0.423889	
0.423889	
0.422363	
0.421143	
0.420227	
0.421143	
0.420227	
0.417175	
0.413818	
0.412292	
0.412598	
0.414429	
0.41687	
0.420532	
0.422974	
0.422668	
0.420532	
0.419312	
0.419312	
0.419006	
0.41748	
0.415649	
0.418091	
0.430908	
0.455017	
0.486755	
0.516052	
0.536804	
0.550842	
0.560913	
0.566101	
0.567627	
0.56488	
0.563965	
0.56427	
0.563965	
0.561523	
0.557251	
0.554504	
0.552979	
0.552063	
0.550842	
0.548706	
0.54718	
0.545959	
0.54718	
0.548706	
0.550232	
0.551453	
0.551453	
0.550842	
0.548096	
0.543823	
0.538025	
0.533447	
0.532227	
0.532532	
0.533752	
0.533447	
0.534058	
0.535583	
0.536804	
0.536194	
0.535278	
0.532837	
0.530701	
0.527344	
0.525513	
0.524292	
0.523682	
0.523071	
0.52124	
0.517578	
0.513916	
0.512085	
0.512695	
0.514221	
0.515442	
0.516357	
0.515747	
0.512695	
0.508118	
0.504761	
0.50354	
0.50415	
0.50415	
0.50415	
0.505066	
0.507507	
0.508118	
0.505676	
0.50293	
0.501709	
0.496521	
0.4776	
0.445862	
0.408936	
0.374451	
0.340576	
0.300903	
0.257874	
0.214539	
0.172729	
0.132141	
0.0924683	
0.0537109	
0.0183105	
-0.0137329	
-0.043335	
-0.0689697	
-0.0891113	
-0.101318	
-0.105591	
-0.10437	
-0.100403	
-0.0964355	
-0.0949097	
-0.0949097	
-0.0964355	
-0.0982666	
-0.100708	
-0.104065	
-0.106506	
-0.108032	
-0.108643	
-0.108032	
-0.109558	
-0.110474	
-0.111084	
-0.112	
-0.11322	
-0.116577	
-0.118408	
-0.118713	
-0.118408	
-0.117188	
-0.116577	
-0.115662	
-0.115967	
-0.117188	
-0.119934	
-0.118713	
-0.109863	
-0.0973511	
-0.0869751	
-0.0845337	
-0.0866699	
-0.0881958	
-0.0875854	
-0.0869751	
-0.0866699	
-0.0860596	
-0.0863647	
-0.0875854	
-0.0900269	
-0.0921631	
-0.0933838	
-0.0933838	
-0.0924683	
-0.0921631	
-0.0918579	
-0.0912476	
-0.0897217	
-0.0878906	
-0.0866699	
-0.0863647	
-0.0863647	
-0.0863647	
-0.0860596	
-0.0860596	
-0.0869751	
-0.0878906	
-0.088501	
-0.0881958	
-0.0881958	
-0.0888062	
-0.0897217	
-0.0900269	
-0.0888062	
-0.0878906	
-0.0872803	
-0.0869751	
-0.0869751	
-0.0863647	
-0.0845337	
-0.0830078	
-0.0823975	
-0.0830078	
-0.083313	
-0.0830078	
-0.0820923	
-0.0817871	
-0.0817871	
-0.0811768	
-0.0802612	
-0.0808716	
-0.0827026	
-0.0839233	
-0.0830078	
-0.0796509	
-0.0765991	
-0.0750732	
-0.0756836	
-0.0775146	
-0.0808716	
-0.083313	
-0.0836182	
-0.0814819	
-0.0784302	
-0.0778198	
-0.0793457	
-0.0808716	
-0.0817871	
-0.0817871	
-0.0820923	
-0.0817871	
-0.0802612	
-0.0775146	
-0.0762939	
-0.0772095	
-0.0793457	
-0.0805664	
-0.0805664	
-0.0814819	
-0.0830078	
-0.0839233	
-0.0823975	
-0.0799561	
-0.0787354	
-0.078125	
-0.0769043	
-0.0769043	
-0.0784302	
-0.0817871	
-0.0842285	
-0.0845337	
-0.0827026	
-0.0805664	
-0.0787354	
-0.0778198	
-0.0765991	
-0.0765991	
-0.0756836	
-0.0738525	
-0.0720215	
-0.0720215	
-0.0750732	
-0.0775146	
-0.0784302	
-0.0784302	
-0.0775146	
-0.0772095	
-0.0778198	
-0.0775146	
-0.078125	
-0.0790405	
-0.0805664	
-0.0830078	
-0.083313	
-0.0820923	
-0.0808716	
-0.0796509	
-0.0790405	
-0.0784302	
-0.0799561	
-0.0817871	
-0.0830078	
-0.0817871	
-0.0802612	
-0.0805664	
-0.0811768	
-0.0817871	
-0.083313	
-0.085144	
-0.0869751	
-0.0866699	
-0.0854492	
-0.0836182	
-0.0830078	
-0.083313	
-0.0845337	
-0.0845337	
-0.0830078	
-0.0817871	
-0.0814819	
-0.0811768	
-0.0808716	
-0.0805664	
-0.0811768	
-0.0823975	
-0.0814819	
-0.0784302	
-0.0747681	
-0.0723267	
-0.072937	
-0.0741577	
-0.0744629	
-0.0747681	
-0.0762939	
-0.0784302	
-0.0811768	
-0.0823975	
-0.0823975	
-0.0759888	
-0.0570679	
-0.0262451	
0.00854492	
0.0418091	
0.0726318	
0.105286	
0.140076	
0.177307	
0.21637	
0.256042	
0.295715	
0.333557	
0.370483	
0.404968	
0.437317	
0.462952	
0.484619	
0.502625	
0.52002	
0.53772	
0.552063	
0.561523	
0.56427	
0.561829	
0.558167	
0.554199	
0.552979	
0.551147	
0.548401	
0.544128	
0.538025	
0.533142	
0.531311	
0.53009	
0.529175	
0.527344	
0.526428	
0.526428	
0.526428	
0.526733	
0.527039	
0.526428	
0.524292	
0.522461	
0.522156	
0.522461	
0.520935	
0.517883	
0.515747	
0.515747	
0.517273	
0.519409	
0.52124	
0.522766	
0.523682	
0.523376	
0.520935	
0.517273	
0.513	
0.509033	
0.506287	
0.504456	
0.504761	
0.507202	
0.507202	
0.501099	
0.488892	
0.478821	
0.475464	
0.477295	
0.479126	
0.479126	
0.479126	
0.479126	
0.478516	
0.476074	
0.473633	
0.472717	
0.473328	
0.472107	
0.469055	
0.465088	
0.462952	
0.463562	
0.464172	
0.464172	
0.463257	
0.461426	
0.46051	
0.460205	
0.46051	
0.460205	
0.458984	
0.457458	
0.455017	
0.452271	
0.449829	
0.448608	
0.448608	
0.448303	
0.449219	
0.450439	
0.452271	
0.451355	
0.448914	
0.446472	
0.444641	
0.445251	
0.447388	
0.440674	
0.418091	
0.380249	
0.336914	
0.293884	
0.247803	
0.195618	
0.143433	
0.0967407	
0.0552368	
0.017395	
-0.0158691	
-0.0424194	
-0.0622559	
-0.0738525	
-0.078125	
-0.0762939	
-0.0738525	
-0.0753784	
-0.0790405	
-0.0842285	
-0.0878906	
-0.0906372	
-0.0924683	
-0.0921631	
-0.0909424	
-0.0891113	
-0.0891113	
-0.0909424	
-0.0939941	
-0.0952148	
-0.0942993	
-0.0924683	
-0.0924683	
-0.0942993	
-0.09552	
-0.0946045	
-0.0927734	
-0.0912476	
-0.0921631	
-0.098877	
-0.111389	
-0.126343	
-0.135803	
-0.136719	
-0.132141	
-0.126343	
-0.123901	
-0.125732	
-0.128479	
-0.13031	
-0.13031	
-0.13092	
-0.131836	
-0.131531	
-0.13031	
-0.127563	
-0.125122	
-0.123901	
-0.124817	
-0.126038	
-0.126648	
-0.125732	
-0.125427	
-0.126343	
-0.127258	
-0.128479	
-0.128479	
-0.127563	
-0.126648	
-0.126648	
-0.127869	
-0.128174	
-0.128174	
-0.1297	
-0.131531	
-0.132446	
-0.13092	
-0.128479	
-0.126343	
-0.124207	
-0.121765	
-0.12085	
-0.12207	
-0.124207	
-0.125732	
-0.126038	
-0.127869	
-0.1297	
-0.131531	
-0.13092	
-0.129089	
-0.127258	
-0.127563	
-0.13031	
-0.132751	
-0.133972	
-0.133362	
-0.133057	
-0.133362	
-0.132446	
-0.131226	
-0.129395	
-0.1297	
-0.1297	
-0.128784	
-0.128174	
-0.128784	
-0.1297	
-0.129089	
-0.126343	
-0.125122	
-0.124817	
-0.123291	
-0.12085	
-0.119629	
-0.12146	
-0.124817	
-0.125427	
-0.125122	
-0.125122	
-0.126648	
-0.128174	
-0.128479	
-0.128174	
-0.127258	
-0.125427	
-0.122375	
-0.119629	
-0.119629	
-0.12146	
-0.124512	
-0.126343	
-0.127258	
-0.126038	
-0.123901	
-0.12146	
-0.119629	
-0.118103	
-0.115662	
-0.113831	
-0.112305	
-0.11261	
-0.113525	
-0.115356	
-0.115356	
-0.114746	
-0.113525	
-0.113831	
-0.114136	
-0.114441	
-0.114746	
-0.114746	
-0.113831	
-0.112915	
-0.11261	
-0.113525	
-0.115051	
-0.115662	
-0.114441	
-0.112915	
-0.111389	
-0.111389	
-0.112	
-0.112	
-0.111084	
-0.111084	
-0.112305	
-0.112305	
-0.110474	
-0.107727	
-0.106812	
-0.108337	
-0.110779	
-0.112305	
-0.112305	
-0.111389	
-0.112	
-0.111389	
-0.100098	
-0.0747681	
-0.0393677	
-0.00427246	
0.027771	
0.0601196	
0.0942993	
0.128479	
0.160522	
0.192261	
0.223083	
0.254822	
0.283508	
0.306702	
0.323792	
0.335388	
0.343628	
0.350037	
0.352173	
0.349426	
0.343323	
0.33783	
0.33783	
0.341492	
0.343933	
0.343323	
0.341492	
0.341797	
0.344543	
0.345764	
0.344849	
0.343018	
0.341492	
0.340576	
0.33844	
0.335693	
0.333862	
0.333862	
0.334167	
0.333557	
0.332031	
0.332031	
0.334473	
0.337524	
0.33783	
0.336609	
0.334167	
0.335083	
0.340881	
0.346375	
0.349121	
0.347595	
0.345764	
0.346069	
0.346375	
0.346069	
0.345154	
0.343628	
0.342102	
0.341797	
0.342712	
0.343933	
0.344238	
0.344543	
0.344543	
0.343933	
0.341187	
0.338135	
0.335388	
0.333862	
0.332642	
0.332947	
0.334473	
0.336609	
0.337524	
0.335693	
0.332336	
0.330505	
0.330811	
0.331726	
0.331116	
0.328064	
0.325012	
0.323792	
0.323792	
0.323486	
0.323181	
0.321655	
0.32074	
0.319824	
0.318298	
0.316467	
0.314941	
0.313721	
0.313416	
0.31311	
0.31311	
0.313721	
0.314636	
0.314941	
0.314941	
0.314636	
0.314331	
0.314331	
0.314026	
0.31189	
0.308838	
0.306091	
0.305176	
0.305481	
0.306396	
0.306396	
0.303955	
0.301208	
0.299072	
0.299988	
0.302124	
0.30365	
0.304871	
0.305481	
0.305176	
0.30365	
0.302429	
0.301208	
0.300903	
0.301208	
0.302429	
0.30365	
0.303345	
0.30304	
0.302124	
0.301819	
0.297241	
0.282288	
0.259094	
0.230713	
0.19989	
0.16449	
0.123596	
0.0811768	
0.0418091	
0.00518799	
-0.0296021	
-0.0616455	
-0.0878906	
-0.108032	
-0.121765	
-0.132141	
-0.136719	
-0.136108	
-0.133667	
-0.133057	
-0.135193	
-0.137634	
-0.13916	
-0.140381	
-0.141907	
-0.142822	
-0.143738	
-0.143738	
-0.142822	
-0.142212	
-0.143738	
-0.147705	
-0.151062	
-0.151367	
-0.149536	
-0.148315	
-0.1474	
-0.1474	
-0.147095	
-0.147705	
-0.1474	
-0.145874	
-0.143433	
-0.141907	
-0.140991	
-0.141296	
-0.143127	
-0.144958	
-0.146484	
-0.146484	
-0.144348	
-0.140381	
-0.135498	
-0.132141	
-0.131836	
-0.133667	
-0.136719	
-0.139465	
-0.141602	
-0.142212	
-0.142212	
-0.142212	
-0.141602	
-0.141296	
-0.142517	
-0.143738	
-0.144958	
-0.144653	
-0.143738	
-0.141907	
-0.139771	
-0.138245	
-0.137329	
-0.137634	
-0.139771	
-0.142212	
-0.144653	
-0.145264	
-0.143127	
-0.140686	
-0.13916	
-0.138855	
-0.13916	
-0.139771	
-0.141602	
-0.143433	
-0.145264	
-0.145264	
-0.144653	
-0.143738	
-0.142822	
-0.142517	
-0.142822	
-0.144348	
-0.14679	
-0.14801	
-0.1474	
-0.146179	
-0.144958	
-0.144958	
-0.144348	
-0.143127	
-0.141907	
-0.141296	
-0.142212	
-0.144043	
-0.144958	
-0.145569	
-0.144348	
-0.144043	
-0.143433	
-0.143738	
-0.144653	
-0.145264	
-0.145874	
-0.145569	
-0.144653	
-0.143127	
-0.142517	
-0.142517	
-0.142822	
-0.143127	
-0.144043	
-0.146484	
-0.148926	
-0.149841	
-0.1474	
-0.144348	
-0.142212	
-0.141296	
-0.140991	
-0.140381	
-0.140076	
-0.140991	
-0.142517	
-0.143127	
-0.142822	
-0.141907	
-0.141296	
-0.141296	
-0.142212	
-0.142517	
-0.142517	
-0.141296	
-0.13916	
-0.137634	
-0.137329	
-0.138245	
-0.139771	
-0.141907	
-0.144653	
-0.146179	
-0.144653	
-0.140076	
-0.136108	
-0.134888	
-0.136108	
-0.137939	
-0.13855	
-0.137939	
-0.136719	
-0.135498	
-0.136108	
-0.137329	
-0.138245	
-0.137939	
-0.136414	
-0.133972	
-0.13092	
-0.130005	
-0.131226	
-0.133667	
-0.134583	
-0.133362	
-0.131836	
-0.130615	
-0.129395	
-0.130615	
-0.133972	
-0.137329	
-0.138855	
-0.137634	
-0.136108	
-0.134888	
-0.133362	
-0.132751	
-0.133667	
-0.132446	
-0.120544	
-0.0970459	
-0.067749	
-0.0378418	
-0.0112915	
0.0161743	
0.043335	
0.0656128	
0.0796509	
0.0894165	
0.100403	
0.118713	
0.13916	
0.15686	
0.170898	
0.181885	
0.187683	
0.184937	
0.177002	
0.169067	
0.165405	
0.1651	
0.1651	
0.1651	
0.165405	
0.166626	
0.167542	
0.167847	
0.167236	
0.166321	
0.166321	
0.166931	
0.167542	
0.168152	
0.167236	
0.165405	
0.163879	
0.162354	
0.161133	
0.159302	
0.158691	
0.158997	
0.160217	
0.160522	
0.160217	
0.158997	
0.157776	
0.159302	
0.162048	
0.163574	
0.162048	
0.158691	
0.155029	
0.153198	
0.152283	
0.153503	
0.153809	
0.152893	
0.151672	
0.151367	
0.152588	
0.154419	
0.154724	
0.152588	
0.150146	
0.148315	
0.1474	
0.148315	
0.149231	
0.150757	
0.151367	
0.151672	
0.153503	
0.15625	
0.157471	
0.155945	
0.154114	
0.154419	
0.157471	
0.161743	
0.164185	
0.163574	
0.161133	
0.158386	
0.158691	
0.159302	
0.158691	
0.157166	
0.157776	
0.161133	
0.162659	
0.161133	
0.157776	
0.15564	
0.155334	
0.15625	
0.156555	
0.155945	
0.155029	
0.154419	
0.155029	
0.155945	
0.157166	
0.157471	
0.157776	
0.158081	
0.156555	
0.155029	
0.154114	
0.153809	
0.153503	
0.151978	
0.150757	
0.151062	
0.151978	
0.152588	
0.151367	
0.150452	
0.150452	
0.152283	
0.154724	
0.15564	
0.154419	
0.152588	
0.151062	
0.150757	
0.150452	
0.141296	
0.124207	
0.0982666	
0.0686646	
0.0378418	
0.00732422	
-0.0201416	
-0.0408936	
-0.0567627	
-0.0665283	
-0.071106	
-0.0714111	
-0.0701904	
-0.0708008	
-0.0708008	
-0.0714111	
-0.0750732	
-0.0808716	
-0.085144	
-0.0872803	
-0.0915527	
-0.098877	
-0.106506	
-0.108643	
-0.106812	
-0.107727	
-0.112	
-0.115356	
-0.115967	
-0.113831	
-0.112	
-0.112	
-0.11322	
-0.114746	
-0.116882	
-0.118103	
-0.117798	
-0.117493	
-0.117493	
-0.119324	
-0.122375	
-0.125427	
-0.128174	
-0.130005	
-0.130615	
-0.1297	
-0.128784	
-0.128479	
-0.128479	
-0.128174	
-0.127869	
-0.128784	
-0.130005	
-0.1297	
-0.128479	
-0.126038	
-0.124207	
-0.123596	
-0.124512	
-0.125427	
-0.125732	
-0.125427	
-0.124817	
-0.123291	
-0.121765	
-0.120544	
-0.120544	
-0.12146	
-0.122375	
-0.122375	
-0.122375	
-0.122681	
-0.123596	
-0.123596	
-0.122681	
-0.12207	
-0.121765	
-0.122681	
-0.122681	
-0.122681	
-0.123291	
-0.125427	
-0.126953	
-0.127258	
-0.125427	
-0.123901	
-0.124207	
-0.124817	
-0.124207	
-0.122375	
-0.12146	
-0.121765	
-0.122375	
-0.123901	
-0.125122	
-0.125427	
-0.124817	
-0.124512	
-0.124817	
-0.124512	
-0.122681	
-0.120239	
-0.12085	
-0.12207	
-0.122375	
-0.120544	
-0.119019	
-0.119019	
-0.120544	
-0.120544	
-0.120239	
-0.119629	
-0.118713	
-0.118713	
-0.119934	
-0.122986	
-0.126953	
-0.128479	
-0.128784	
-0.127563	
-0.126648	
-0.124512	
-0.121765	
-0.119324	
-0.117798	
-0.117798	
-0.116882	
-0.114746	
-0.11322	
-0.11322	
-0.115051	
-0.116272	
-0.116272	
-0.116882	
-0.118408	
-0.119934	
-0.119019	
-0.118103	
-0.117798	
-0.118713	
-0.119934	
-0.120239	
-0.119324	
-0.118408	
-0.118103	
-0.118103	
-0.117798	
-0.118408	
-0.118713	
-0.118713	
-0.118408	
-0.117798	
-0.118408	
-0.119019	
-0.118103	
-0.116272	
-0.114136	
-0.112	
-0.111694	
-0.112915	
-0.115051	
-0.116272	
-0.116272	
-0.115356	
-0.11322	
-0.111389	
-0.109253	
-0.108032	
-0.107117	
-0.105286	
-0.104675	
-0.104675	
-0.106812	
-0.109558	
-0.111694	
-0.11261	
-0.111694	
-0.109253	
-0.107727	
-0.108337	
-0.111084	
-0.113525	
-0.114136	
-0.112915	
-0.111694	
-0.111694	
-0.112	
-0.112	
-0.110474	
-0.108337	
-0.106506	
-0.106506	
-0.106812	
-0.106812	
-0.105896	
-0.106506	
-0.108337	
-0.109558	
-0.109863	
-0.108032	
-0.10437	
-0.101013	
-0.098877	
-0.0982666	
-0.0985718	
-0.0976563	
-0.0967407	
-0.0958252	
-0.0939941	
-0.093689	
-0.0958252	
-0.0976563	
-0.0933838	
-0.0872803	
-0.0842285	
-0.0830078	
-0.0753784	
-0.0585938	
-0.0445557	
-0.0430298	
-0.0515747	
-0.0579834	
-0.0540161	
-0.0430298	
-0.0338745	
-0.0326538	
-0.0360107	
-0.0378418	
-0.0366211	
-0.03479	
-0.0341797	
-0.0344849	
-0.0354004	
-0.0363159	
-0.0369263	
-0.0372314	
-0.0354004	
-0.0332642	
-0.0323486	
-0.0338745	
-0.0360107	
-0.0363159	
-0.0354004	
-0.0344849	
-0.03479	
-0.0350952	
-0.0350952	
-0.03479	
-0.0341797	
-0.0341797	
-0.0350952	
-0.0354004	
-0.0344849	
-0.03479	
-0.0375366	
-0.0415039	
-0.0436401	
-0.043335	
-0.0415039	
-0.039978	
-0.0387573	
-0.0384521	
-0.0384521	
-0.0375366	
-0.0360107	
-0.0354004	
-0.0366211	
-0.0390625	
-0.0402832	
-0.0393677	
-0.0378418	
-0.0360107	
-0.0363159	
-0.0369263	
-0.0375366	
-0.0390625	
-0.0418091	
-0.0448608	
-0.0454712	
-0.0430298	
-0.0408936	
-0.0393677	
-0.0372314	
-0.0354004	
-0.03479	
-0.0363159	
-0.0384521	
-0.0384521	
-0.0363159	
-0.0344849	
-0.0338745	
-0.0357056	
-0.0375366	
-0.0396729	
-0.0402832	
-0.0396729	
-0.0384521	
-0.0369263	
-0.0360107	
-0.0354004	
-0.0357056	
-0.0360107	
-0.0350952	
-0.0326538	
-0.0311279	
-0.0317383	
-0.0332642	
-0.0335693	
-0.032959	
-0.0335693	
-0.0341797	
-0.0341797	
-0.0341797	
-0.0344849	
-0.0354004	
-0.0357056	
-0.0354004	
-0.0341797	
-0.032959	
-0.0317383	
-0.0320435	
-0.0326538	
-0.0344849	
-0.0372314	
-0.0405884	
-0.0436401	
-0.043335	
-0.0411987	
-0.0372314	
-0.0332642	
-0.0308228	
-0.0305176	
-0.0323486	
-0.03479	
-0.0366211	
-0.0363159	
-0.03479	
-0.032959	
-0.0308228	
-0.0302124	
-0.0308228	
-0.032959	
-0.0350952	
-0.03479	
-0.0332642	
-0.0338745	
-0.0366211	
-0.0393677	
-0.0405884	
-0.0415039	
-0.0445557	
-0.0491333	
-0.0534058	
-0.0582886	
-0.0631714	
-0.065918	
-0.0643921	
-0.0610352	
-0.0595093	
-0.0619507	
-0.0650024	
-0.065918	
-0.065918	
-0.0646973	
-0.0643921	
-0.0637817	
-0.0637817	
-0.0650024	
-0.0653076	
-0.0646973	
-0.0643921	
-0.065918	
-0.0671387	
-0.0674438	
-0.0674438	
-0.0671387	
-0.0683594	
-0.0695801	
-0.0695801	
-0.0689697	
-0.0683594	
-0.0692749	
-0.071106	
-0.0723267	
-0.0726318	
-0.0720215	
-0.071106	
-0.0695801	
-0.067749	
-0.0671387	
-0.0680542	
-0.0708008	
-0.0695801	
-0.0643921	
-0.0570679	
-0.0546265	
-0.0567627	
-0.0592041	
-0.0588989	
-0.0576782	
-0.0567627	
-0.0567627	
-0.0579834	
-0.0604248	
-0.0631714	
-0.0628662	
-0.0616455	
-0.0601196	
-0.0595093	
-0.0592041	
-0.0579834	
-0.0564575	
-0.0561523	
-0.0558472	
-0.0549316	
-0.0537109	
-0.0527954	
-0.0534058	
-0.0534058	
-0.0524902	
-0.0518799	
-0.0515747	
-0.0537109	
-0.0561523	
-0.0592041	
-0.0604248	
-0.0592041	
-0.0567627	
-0.0564575	
-0.0576782	
-0.0567627	
-0.0537109	
-0.0512695	
-0.0537109	
-0.0576782	
-0.0601196	
-0.0588989	
-0.0576782	
-0.057373	
-0.057373	
-0.0576782	
-0.0570679	
-0.0579834	
-0.0585938	
-0.0592041	
-0.0592041	
-0.0585938	
-0.0576782	
-0.0558472	
-0.0543213	
-0.0527954	
-0.0527954	
-0.0537109	
-0.0546265	
-0.055542	
-0.057373	
-0.0592041	
-0.0588989	
-0.0558472	
-0.0515747	
-0.0494385	
-0.050354	
-0.0527954	
-0.0537109	
-0.0527954	
-0.0515747	
-0.0500488	
-0.0506592	
-0.0521851	
-0.0543213	
-0.0567627	
-0.0576782	
-0.0570679	
-0.0549316	
-0.0524902	
-0.0515747	
-0.0527954	
-0.0543213	
-0.0549316	
-0.0540161	
-0.0524902	
-0.0515747	
-0.0518799	
-0.0524902	
-0.0527954	
-0.0527954	
-0.0527954	
-0.0512695	
-0.0494385	
-0.0482178	
-0.0488281	
-0.0509644	
-0.0531006	
-0.0537109	
-0.0531006	
-0.0524902	
-0.0531006	
-0.0549316	
-0.0549316	
-0.0531006	
-0.0518799	
-0.0540161	
-0.0570679	
-0.0588989	
-0.0579834	
-0.0558472	
-0.0549316	
-0.0546265	
-0.0540161	
-0.0531006	
-0.0524902	
-0.0527954	
-0.0527954	
-0.0518799	
-0.0506592	
-0.0494385	
-0.0494385	
-0.0494385	
-0.0497437	
-0.0500488	
-0.0497437	
-0.050354	
-0.050354	
-0.0494385	
-0.0482178	
-0.0469971	
-0.0473022	
-0.0473022	
-0.0466919	
-0.045166	
-0.0448608	
-0.0442505	
-0.0439453	
-0.0427246	
-0.0411987	
-0.0418091	
-0.0424194	
-0.0430298	
-0.0427246	
-0.0439453	
-0.0460815	
-0.0469971	
-0.0463867	
-0.0469971	
-0.0479126	
-0.0479126	
-0.0506592	
-0.0598145	
-0.0769043	
-0.0982666	
-0.119324	
-0.138245	
-0.156555	
-0.174255	
-0.191956	
-0.210266	
-0.227356	
-0.24231	
-0.254211	
-0.262146	
-0.265198	
-0.262451	
-0.256348	
-0.25238	
-0.25238	
-0.254517	
-0.255737	
-0.253906	
-0.250854	
-0.248108	
-0.247498	
-0.248413	
-0.25116	
-0.253906	
-0.255432	
-0.254822	
-0.253296	
-0.251465	
-0.250549	
-0.250244	
-0.250244	
-0.252991	
-0.253601	
-0.253601	
-0.250549	
-0.249023	
-0.248718	
-0.247803	
-0.245972	
-0.244751	
-0.245361	
-0.246582	
-0.247498	
-0.247498	
-0.246887	
-0.245056	
-0.245056	
-0.247192	
-0.250549	
-0.25116	
-0.249023	
-0.247803	
-0.248718	
-0.248108	
-0.245972	
-0.244141	
-0.244751	
-0.245972	
-0.244141	
-0.240173	
-0.237427	
-0.237427	
-0.238342	
-0.239258	
-0.239868	
-0.240173	
-0.238953	
-0.236816	
-0.235596	
-0.235901	
-0.237732	
-0.238037	
-0.236816	
-0.234375	
-0.232239	
-0.230713	
-0.230103	
-0.229797	
-0.229187	
-0.228271	
-0.227051	
-0.226135	
-0.226135	
-0.226746	
-0.22644	
-0.226135	
-0.225525	
-0.22522	
-0.224304	
-0.222168	
-0.220947	
-0.220947	
-0.221252	
-0.222168	
-0.221863	
-0.221252	
-0.220337	
-0.220947	
-0.223083	
-0.22522	
-0.22522	
-0.223999	
-0.223389	
-0.223389	
-0.224609	
-0.224609	
-0.224304	
-0.223694	
-0.223694	
-0.222778	
-0.221252	
-0.222168	
-0.224609	
-0.218811	
-0.200806	
-0.173035	
-0.144958	
-0.124207	
-0.105896	
-0.0860596	
-0.0668335	
-0.0497437	
-0.03479	
-0.0204468	
-0.00640869	
0.00152588	
0.000610352	
-0.00335693	
-0.00823975	
-0.0119019	
-0.0146484	
-0.015564	
-0.0149536	
-0.0140381	
-0.0146484	
-0.0149536	
-0.0128174	
-0.00946045	
-0.00701904	
-0.00610352	
-0.00640869	
-0.00762939	
-0.00976563	
-0.012207	
-0.0140381	
-0.0149536	
-0.0152588	
-0.0164795	
-0.0183105	
-0.0204468	
-0.0219727	
-0.0231934	
-0.0238037	
-0.0238037	
-0.0222778	
-0.0201416	
-0.0186157	
-0.0177002	
-0.0167847	
-0.0164795	
-0.0183105	
-0.0201416	
-0.0213623	
-0.0219727	
-0.0222778	
-0.0228882	
-0.0238037	
-0.0231934	
-0.0222778	
-0.0213623	
-0.0201416	
-0.0186157	
-0.017395	
-0.0167847	
-0.0167847	
-0.0170898	
-0.0167847	
-0.0161743	
-0.0161743	
-0.015564	
-0.0152588	
-0.0167847	
-0.0189209	
-0.020752	
-0.0210571	
-0.0198364	
-0.0186157	
-0.0183105	
-0.0183105	
-0.0195313	
-0.0204468	
-0.0204468	
-0.0204468	
-0.0210571	
-0.022583	
-0.0228882	
-0.022583	
-0.0219727	
-0.0213623	
-0.0216675	
-0.022583	
-0.0241089	
-0.0231934	
-0.0210571	
-0.0195313	
-0.0204468	
-0.0228882	
-0.0241089	
-0.0231934	
-0.0210571	
-0.0192261	
-0.0167847	
-0.0149536	
-0.0134277	
-0.0137329	
-0.0161743	
-0.0180054	
-0.0180054	
-0.0164795	
-0.0158691	
-0.0180054	
-0.020752	
-0.0228882	
-0.0238037	
-0.0238037	
-0.0231934	
-0.0228882	
-0.0216675	
-0.0201416	
-0.0180054	
-0.0170898	
-0.0170898	
-0.0177002	
-0.0180054	
-0.0186157	
-0.0201416	
-0.020752	
-0.020752	
-0.020752	
-0.0210571	
-0.0216675	
-0.020752	
-0.0198364	
-0.0195313	
-0.0213623	
-0.0222778	
-0.0216675	
-0.0192261	
-0.0180054	
-0.0189209	
-0.0201416	
-0.0204468	
-0.0192261	
-0.0186157	
-0.017395	
-0.0158691	
-0.0149536	
-0.0146484	
-0.0167847	
-0.0186157	
-0.0189209	
-0.017395	
-0.0161743	
-0.0158691	
-0.0158691	
-0.0149536	
-0.015564	
-0.0228882	
-0.0378418	
-0.0595093	
-0.0820923	
-0.102234	
-0.120544	
-0.140076	
-0.163269	
-0.189209	
-0.213928	
-0.238037	
-0.262451	
-0.28717	
-0.308533	
-0.326843	
-0.339966	
-0.348206	
-0.350952	
-0.348816	
-0.345154	
-0.340881	
-0.337524	
-0.335693	
-0.336304	
-0.340576	
-0.346069	
-0.350952	
-0.353699	
-0.353699	
-0.350952	
-0.346375	
-0.341187	
-0.339355	
-0.33905	
-0.33844	
-0.335999	
-0.335388	
-0.337524	
-0.340881	
-0.343018	
-0.342407	
-0.340881	
-0.33905	
-0.336914	
-0.335083	
-0.337524	
-0.345154	
-0.35614	
-0.368042	
-0.375977	
-0.379333	
-0.379639	
-0.378418	
-0.377502	
-0.377502	
-0.377197	
-0.376282	
-0.374146	
-0.37262	
-0.371704	
-0.371399	
-0.371704	
-0.371094	
-0.371704	
-0.373535	
-0.374146	
-0.37323	
-0.370178	
-0.365906	
-0.362854	
-0.361633	
-0.362244	
-0.362244	
-0.361938	
-0.361023	
-0.361023	
-0.361328	
-0.360107	
-0.358582	
-0.356445	
-0.354614	
-0.353699	
-0.354614	
-0.354614	
-0.354614	
-0.353088	
-0.352478	
-0.352783	
-0.353394	
-0.352783	
-0.351563	
-0.350342	
-0.349731	
-0.349426	
-0.3479	
-0.345764	
-0.342407	
-0.33844	
-0.336609	
-0.336304	
-0.337524	
-0.337524	
-0.335999	
-0.333557	
-0.331421	
-0.329285	
-0.329285	
-0.330505	
-0.332947	
-0.334473	
-0.334778	
-0.334167	
-0.332947	
-0.331421	
-0.329285	
-0.327148	
-0.326538	
-0.328064	
-0.3302	
-0.332031	
-0.331726	
-0.3302	
-0.328064	
-0.326233	
-0.325928	
-0.326233	
-0.326233	
-0.324097	
-0.321655	
-0.320129	
-0.32074	
-0.323486	
-0.317383	
-0.296631	
-0.261841	
-0.223999	
-0.192261	
-0.165405	
-0.137634	
-0.107422	
-0.0787354	
-0.0509644	
-0.0265503	
-0.00396729	
0.0152588	
0.027771	
0.0360107	
0.039978	
0.0396729	
0.0387573	
0.0387573	
0.0411987	
0.0436401	
0.0448608	
0.0460815	
0.0463867	
0.0466919	
0.0469971	
0.0466919	
0.0463867	
0.0445557	
0.0424194	
0.0421143	
0.0418091	
0.0418091	
0.0421143	
0.0439453	
0.0463867	
0.0457764	
0.0424194	
0.0405884	
0.0402832	
0.0402832	
0.0387573	
0.0372314	
0.0369263	
0.039978	
0.0466919	
0.0543213	
0.0585938	
0.0579834	
0.0543213	
0.0527954	
0.0531006	
0.0534058	
0.0543213	
0.0549316	
0.0549316	
0.0540161	
0.0521851	
0.0534058	
0.0549316	
0.0558472	
0.055542	
0.0543213	
0.0540161	
0.0558472	
0.0585938	
0.0619507	
0.0631714	
0.0619507	
0.0598145	
0.0576782	
0.055542	
0.0552368	
0.0561523	
0.0598145	
0.0640869	
0.0656128	
0.0643921	
0.0622559	
0.0601196	
0.0610352	
0.0628662	
0.0640869	
0.0643921	
0.0628662	
0.06073	
0.0598145	
0.0616455	
0.0634766	
0.0634766	
0.06073	
0.057373	
0.055542	
0.0549316	
0.055542	
0.0564575	
0.0585938	
0.0610352	
0.0634766	
0.0637817	
0.0616455	
0.0588989	
0.0570679	
0.0570679	
0.0582886	
0.0592041	
0.0604248	
0.0604248	
0.0604248	
0.0592041	
0.0570679	
0.0540161	
0.0521851	
0.0512695	
0.050354	
0.0488281	
0.0488281	
0.0494385	
0.0506592	
0.050354	
0.0494385	
0.050354	
0.0537109	
0.0567627	
0.0576782	
0.0561523	
0.055542	
0.0561523	
0.0579834	
0.0588989	
0.0518799	
0.0363159	
0.010376	
-0.022583	
-0.0588989	
-0.0973511	
-0.135193	
-0.17395	
-0.211182	
-0.245972	
-0.276794	
-0.30426	
-0.328674	
-0.345764	
-0.354004	
-0.355835	
-0.354614	
-0.352173	
-0.348816	
-0.348206	
-0.348511	
-0.350342	
-0.349121	
-0.346985	
-0.346069	
-0.346985	
-0.349731	
-0.350952	
-0.349731	
-0.34729	
-0.345154	
-0.344543	
-0.344543	
-0.343628	
-0.343933	
-0.345459	
-0.346069	
-0.344849	
-0.343323	
-0.343323	
-0.344238	
-0.344238	
-0.344238	
-0.343018	
-0.344543	
-0.351563	
-0.366211	
-0.386658	
-0.408936	
-0.428467	
-0.440674	
-0.445251	
-0.44281	
-0.438843	
-0.435486	
-0.433655	
-0.43335	
-0.43457	
-0.434265	
-0.43335	
-0.43335	
-0.434875	
-0.436096	
-0.436401	
-0.436096	
-0.435181	
-0.434875	
-0.43396	
-0.43457	
-0.434875	
-0.43457	
-0.432739	
-0.431824	
-0.430908	
-0.429382	
-0.425415	
-0.421753	
-0.418091	
-0.41687	
-0.41748	
-0.418396	
-0.419922	
-0.420227	
-0.420532	
-0.419922	
-0.418701	
-0.41748	
-0.415039	
-0.415649	
-0.419312	
-0.426636	
-0.43335	
-0.437012	
-0.437622	
-0.435486	
-0.432434	
-0.429993	
-0.429382	
-0.429382	
-0.427856	
-0.42572	
-0.423584	
-0.421753	
-0.419006	
-0.415344	
-0.412903	
-0.410767	
-0.407715	
-0.404053	
-0.401917	
-0.401917	
-0.403442	
-0.404663	
-0.404663	
-0.403442	
-0.402832	
-0.403137	
-0.404358	
-0.405273	
-0.404358	
-0.403748	
-0.404358	
-0.405884	
-0.406799	
-0.406494	
-0.404053	
-0.401917	
-0.400391	
-0.39978	
-0.39978	
-0.39917	
-0.39917	
-0.398254	
-0.397339	
-0.396729	
-0.397034	
-0.398865	
-0.400696	
-0.400085	
-0.39856	
-0.395508	
-0.393066	
-0.391541	
-0.39032	
-0.388489	
-0.386047	
-0.383301	
-0.382385	
-0.382996	
-0.384216	
-0.384521	
-0.384521	
-0.383606	
-0.382385	
-0.380554	
-0.379028	
-0.379028	
-0.381165	
-0.383911	
-0.386047	
-0.381775	
-0.361023	
-0.324707	
-0.27832	
-0.231934	
-0.189209	
-0.14679	
-0.105286	
-0.0634766	
-0.0210571	
0.022583	
0.0622559	
0.0958252	
0.122375	
0.141296	
0.151978	
0.152283	
0.147705	
0.143738	
0.144653	
0.147095	
0.148315	
0.1474	
0.144958	
0.143127	
0.142517	
0.142517	
0.142517	
0.141907	
0.141296	
0.142212	
0.144043	
0.145264	
0.145569	
0.144958	
0.144348	
0.144043	
0.142212	
0.140686	
0.140686	
0.140686	
0.140381	
0.139771	
0.140686	
0.141602	
0.142822	
0.143127	
0.143738	
0.144958	
0.145264	
0.145264	
0.144958	
0.143738	
0.141907	
0.138855	
0.136719	
0.136108	
0.137024	
0.138245	
0.13916	
0.141296	
0.144043	
0.145874	
0.145264	
0.141907	
0.138245	
0.135193	
0.134277	
0.134277	
0.136414	
0.141296	
0.148621	
0.154724	
0.15564	
0.153198	
0.150757	
0.150757	
0.151672	
0.151978	
0.151978	
0.151978	
0.150452	
0.148926	
0.1474	
0.14679	
0.146484	
0.146484	
0.146484	
0.145874	
0.144043	
0.142822	
0.142822	
0.143738	
0.144653	
0.145569	
0.147705	
0.149231	
0.149536	
0.148315	
0.147705	
0.148926	
0.150146	
0.149536	
0.147095	
0.144653	
0.143433	
0.142212	
0.142517	
0.143127	
0.144653	
0.144653	
0.144348	
0.144348	
0.144348	
0.143433	
0.140991	
0.138245	
0.136108	
0.133972	
0.132751	
0.132141	
0.132141	
0.132751	
0.133362	
0.133972	
0.133362	
0.131226	
0.129395	
0.129395	
0.131531	
0.133057	
0.133057	
0.13092	
0.129395	
0.129089	
0.13092	
0.132446	
0.133667	
0.133667	
0.133057	
0.131836	
0.130615	
0.129395	
0.126953	
0.124817	
0.125427	
0.127563	
0.127258	
0.122375	
0.118103	
0.116882	
0.119629	
0.122375	
0.12207	
0.121155	
0.119629	
0.119934	
0.12085	
0.122375	
0.120544	
0.116577	
0.114746	
0.115051	
0.116272	
0.115662	
0.115662	
0.116882	
0.119629	
0.120239	
0.119019	
0.117798	
0.117493	
0.117798	
0.118103	
0.116577	
0.11322	
0.108337	
0.103149	
0.101318	
0.101013	
0.102539	
0.10376	
0.104675	
0.106201	
0.106812	
0.107727	
0.108032	
0.107117	
0.106506	
0.104675	
0.105591	
0.108032	
0.110779	
0.111694	
0.110779	
0.108948	
0.106812	
0.103455	
0.101318	
0.101624	
0.105286	
0.108032	
0.107727	
0.104065	
0.098877	
0.0949097	
0.0942993	
0.0958252	
0.0964355	
0.0958252	
0.0927734	
0.0906372	
0.090332	
0.0912476	
0.093689	
0.0952148	
0.0973511	
0.098877	
0.0991821	
0.0982666	
0.0979614	
0.0997925	
0.101929	
0.10376	
0.104065	
0.104065	
0.103149	
0.101318	
0.0994873	
0.0979614	
0.0970459	
0.0961304	
0.0952148	
0.0952148	
0.0961304	
0.0970459	
0.0964355	
0.093689	
0.0909424	
0.0909424	
0.0946045	
0.0982666	
0.0997925	
0.0973511	
0.0952148	
0.0952148	
0.0973511	
0.100708	
0.101013	
0.0991821	
0.0961304	
0.0933838	
0.0930786	
0.0952148	
0.0976563	
0.0994873	
0.098877	
0.0961304	
0.093689	
0.0933838	
0.0952148	
0.0985718	
0.101013	
0.101013	
0.100098	
0.098877	
0.0970459	
0.0952148	
0.0930786	
0.0927734	
0.0942993	
0.09552	
0.0970459	
0.0991821	
0.102234	
0.104065	
0.102844	
0.101318	
0.101318	
0.103149	
0.103149	
0.101013	
0.098877	
0.0985718	
0.100098	
0.101013	
0.101929	
0.103455	
0.105286	
0.105591	
0.105286	
0.10376	
0.102234	
0.101318	
0.100098	
0.0997925	
0.100098	
0.0994873	
0.0994873	
0.098877	
0.0997925	
0.100098	
0.098877	
0.0967407	
0.0939941	
0.0933838	
0.0933838	
0.0952148	
0.0967407	
0.0979614	
0.0973511	
0.0942993	
0.0906372	
0.088501	
0.0863647	
0.0863647	
0.0872803	
0.088501	
0.0894165	
0.0878906	
0.0863647	
0.0860596	
0.0866699	
0.0878906	
0.088501	
0.0881958	
0.0875854	
0.0848389	
0.0814819	
0.0787354	
0.0784302	
0.0811768	
0.0845337	
0.0863647	
0.0866699	
0.0854492	
0.0836182	
0.0820923	
0.0823975	
0.0823975	
0.0827026	
0.0817871	
0.0808716	
0.0796509	
0.0787354	
0.0793457	
0.0817871	
0.0836182	
0.0830078	
