-0.00457764	
-0.00518799	
-0.00610352	
-0.00610352	
-0.00579834	
-0.00427246	
-0.00366211	
-0.00427246	
-0.00518799	
-0.00427246	
-0.0012207	
0.000915527	
0.00183105	
0.000915527	
-0.000610352	
-0.00213623	
-0.00366211	
-0.00457764	
-0.00488281	
-0.00457764	
-0.00366211	
-0.00335693	
-0.00396729	
-0.00579834	
-0.00793457	
-0.00976563	
-0.0112915	
-0.0115967	
-0.0100708	
-0.00671387	
-0.00366211	
-0.00244141	
-0.00305176	
-0.00579834	
-0.00976563	
-0.0137329	
-0.0146484	
-0.0112915	
-0.00701904	
-0.00457764	
-0.00427246	
-0.00488281	
-0.00549316	
-0.00579834	
-0.00640869	
-0.00793457	
-0.00976563	
-0.010376	
-0.010376	
-0.00915527	
-0.00946045	
-0.0100708	
-0.010376	
-0.0106812	
-0.0100708	
-0.00946045	
-0.0088501	
-0.00854492	
-0.00915527	
-0.010376	
-0.0109863	
-0.010376	
-0.0088501	
-0.00854492	
-0.00946045	
-0.0106812	
-0.0119019	
-0.0112915	
-0.00976563	
-0.00823975	
-0.00823975	
-0.00915527	
-0.010376	
-0.010376	
-0.00854492	
-0.00671387	
-0.00488281	
-0.00457764	
-0.00610352	
-0.0088501	
-0.0106812	
-0.00976563	
-0.00793457	
-0.00701904	
-0.00793457	
-0.010376	
-0.0128174	
-0.0137329	
-0.0128174	
-0.0112915	
-0.0106812	
-0.012207	
-0.0119019	
-0.0100708	
-0.00732422	
-0.00488281	
-0.00549316	
-0.00610352	
0.0012207	
0.0170898	
0.039978	
0.0601196	
0.0778198	
0.09552	
0.112	
0.121765	
0.124207	
0.123901	
0.124817	
0.126343	
0.126953	
0.126038	
0.126343	
0.127258	
0.129089	
0.130615	
0.132141	
0.132751	
0.131531	
0.1297	
0.127563	
0.127258	
0.127258	
0.127563	
0.127869	
0.127869	
0.127869	
0.127563	
0.126038	
0.124512	
0.123596	
0.123291	
0.122375	
0.12207	
0.122375	
0.123291	
0.123291	
0.121765	
0.120544	
0.12146	
0.122681	
0.121155	
0.114136	
0.10376	
0.0949097	
0.090332	
0.0909424	
0.0933838	
0.0958252	
0.0961304	
0.0949097	
0.093689	
0.0933838	
0.0933838	
0.0921631	
0.0909424	
0.0900269	
0.0897217	
0.0888062	
0.0869751	
0.0848389	
0.0842285	
0.0857544	
0.0878906	
0.0894165	
0.088501	
0.0869751	
0.0863647	
0.0860596	
0.0857544	
0.0848389	
0.085144	
0.0839233	
0.0759888	
0.0613403	
0.0466919	
0.0372314	
0.0350952	
0.0369263	
0.0390625	
0.0402832	
0.039978	
0.0396729	
0.039978	
0.0402832	
0.0387573	
0.0366211	
0.0344849	
0.0341797	
0.0350952	
0.0366211	
0.0378418	
0.038147	
0.039978	
0.0411987	
0.0411987	
0.0366211	
0.0302124	
0.0250244	
0.0238037	
0.0256348	
0.0265503	
0.0274658	
0.0280762	
0.0286865	
0.0286865	
0.0271606	
0.0253296	
0.0247192	
0.0253296	
0.0271606	
0.0289917	
0.0299072	
0.0296021	
0.0283813	
0.027771	
0.027771	
0.0283813	
0.0299072	
0.0311279	
0.0323486	
0.0317383	
0.0250244	
0.0115967	
-0.00823975	
-0.0302124	
-0.0488281	
-0.0637817	
-0.0738525	
-0.0787354	
-0.0787354	
-0.0756836	
-0.072937	
-0.0717163	
-0.0723267	
-0.0741577	
-0.0759888	
-0.0772095	
-0.0775146	
-0.0775146	
-0.0778198	
-0.078125	
-0.0762939	
-0.0735474	
-0.071106	
-0.071106	
-0.0720215	
-0.0720215	
-0.0708008	
-0.071106	
-0.0723267	
-0.0738525	
-0.0747681	
-0.0750732	
-0.0756836	
-0.0756836	
-0.0744629	
-0.0726318	
-0.071106	
-0.0704956	
-0.0692749	
-0.0680542	
-0.0680542	
-0.0704956	
-0.0732422	
-0.0744629	
-0.0738525	
-0.0723267	
-0.071106	
-0.0689697	
-0.0671387	
-0.0668335	
-0.0695801	
-0.0723267	
-0.0735474	
-0.0726318	
-0.0720215	
-0.0714111	
-0.0708008	
-0.0695801	
-0.0683594	
-0.0689697	
-0.0704956	
-0.072937	
-0.0741577	
-0.0744629	
-0.0741577	
-0.0747681	
-0.0747681	
-0.0735474	
-0.0708008	
-0.0671387	
-0.0656128	
-0.0653076	
-0.0665283	
-0.0671387	
-0.0656128	
-0.0640869	
-0.0628662	
-0.0631714	
-0.0646973	
-0.0665283	
-0.0674438	
-0.0680542	
-0.0680542	
-0.0686646	
-0.0692749	
-0.0698853	
-0.0695801	
-0.0701904	
-0.0750732	
-0.0857544	
-0.101013	
-0.117798	
-0.133057	
-0.147095	
-0.159302	
-0.168457	
-0.171814	
-0.168762	
-0.16449	
-0.161743	
-0.163269	
-0.1651	
-0.166016	
-0.166626	
-0.166321	
-0.165405	
-0.162964	
-0.159607	
-0.15686	
-0.156555	
-0.157471	
-0.158997	
-0.159607	
-0.160217	
-0.161133	
-0.162048	
-0.162659	
-0.162964	
-0.162659	
-0.162048	
-0.161438	
-0.161133	
-0.161133	
-0.161133	
-0.161438	
-0.161133	
-0.160828	
-0.160522	
-0.161438	
-0.163269	
-0.164185	
-0.163879	
-0.162964	
-0.162048	
-0.160828	
-0.159607	
-0.158997	
-0.160522	
-0.162964	
-0.164795	
-0.16449	
-0.162659	
-0.161438	
-0.163879	
-0.171814	
-0.18219	
-0.192566	
-0.198669	
-0.200806	
-0.2005	
-0.19928	
-0.19928	
-0.19989	
-0.19989	
-0.199585	
-0.19928	
-0.198669	
-0.198059	
-0.196533	
-0.195007	
-0.193787	
-0.191956	
-0.191345	
-0.19165	
-0.192261	
-0.192566	
-0.192566	
-0.192871	
-0.193481	
-0.194702	
-0.195313	
-0.196838	
-0.197449	
-0.196838	
-0.196228	
-0.192566	
-0.177612	
-0.148315	
-0.106812	
-0.0628662	
-0.0204468	
0.0216675	
0.0616455	
0.0958252	
0.119934	
0.132141	
0.134277	
0.130005	
0.125427	
0.124207	
0.126038	
0.128174	
0.128174	
0.126343	
0.122681	
0.119629	
0.118103	
0.118103	
0.119324	
0.119629	
0.119019	
0.117798	
0.117188	
0.116577	
0.116272	
0.115662	
0.115662	
0.116882	
0.119019	
0.12085	
0.121765	
0.12207	
0.12207	
0.122681	
0.123596	
0.123291	
0.12146	
0.119324	
0.117798	
0.118103	
0.118713	
0.118713	
0.118103	
0.117188	
0.116577	
0.117188	
0.117188	
0.116882	
0.115662	
0.114136	
0.113831	
0.113831	
0.114136	
0.113525	
0.111694	
0.109558	
0.108032	
0.107117	
0.106812	
0.107117	
0.107422	
0.107117	
0.106201	
0.105286	
0.106201	
0.108643	
0.110474	
0.107422	
0.098877	
0.0881958	
0.0820923	
0.0820923	
0.0842285	
0.0857544	
0.0860596	
0.0860596	
0.0860596	
0.085144	
0.0836182	
0.0823975	
0.0814819	
0.0817871	
0.083313	
0.0854492	
0.0872803	
0.0881958	
0.0872803	
0.085144	
0.083313	
0.0820923	
0.0817871	
0.0827026	
0.0839233	
0.0842285	
0.0830078	
0.0814819	
0.0802612	
0.0796509	
0.0790405	
0.0775146	
0.0772095	
0.0769043	
0.0769043	
0.0769043	
0.0765991	
0.0765991	
0.0772095	
0.0790405	
0.0796509	
0.0796509	
0.0802612	
0.0817871	
0.083313	
0.0823975	
0.0796509	
0.0775146	
0.078125	
0.0805664	
0.0839233	
0.0857544	
0.0802612	
0.065918	
0.0460815	
0.0286865	
0.0183105	
0.0146484	
0.0137329	
0.0149536	
0.0170898	
0.0180054	
0.0177002	
0.0164795	
0.0164795	
0.0170898	
0.0170898	
0.0158691	
0.0149536	
0.0149536	
0.0149536	
0.0140381	
0.0106812	
0.00762939	
0.00640869	
0.00732422	
0.00915527	
0.010376	
0.012207	
0.0140381	
0.0164795	
0.0183105	
0.0192261	
0.0198364	
0.0195313	
0.0146484	
0.00396729	
-0.010376	
-0.0222778	
-0.027771	
-0.0286865	
-0.027771	
-0.0265503	
-0.0265503	
-0.027771	
-0.0292969	
-0.0299072	
-0.0299072	
-0.0299072	
-0.0292969	
-0.0286865	
-0.0280762	
-0.0286865	
-0.0292969	
-0.0289917	
-0.0283813	
-0.0268555	
-0.0253296	
-0.0247192	
-0.0253296	
-0.0268555	
-0.0280762	
-0.027771	
-0.0271606	
-0.0268555	
-0.0268555	
-0.0268555	
-0.0265503	
-0.0256348	
-0.0250244	
-0.0247192	
-0.0244141	
-0.0274658	
-0.0360107	
-0.050354	
-0.0656128	
-0.0775146	
-0.0845337	
-0.088501	
-0.0900269	
-0.0912476	
-0.0933838	
-0.0958252	
-0.0976563	
-0.0985718	
-0.0991821	
-0.0997925	
-0.100708	
-0.101624	
-0.101929	
-0.100708	
-0.098877	
-0.0982666	
-0.0985718	
-0.0991821	
-0.0985718	
-0.0976563	
-0.0961304	
-0.0946045	
-0.0942993	
-0.0952148	
-0.0964355	
-0.0973511	
-0.0979614	
-0.0982666	
-0.0976563	
-0.0964355	
-0.0952148	
-0.0939941	
-0.0918579	
-0.0894165	
-0.0878906	
-0.0881958	
-0.0891113	
-0.088501	
-0.0863647	
-0.0848389	
-0.0848389	
-0.0863647	
-0.0869751	
-0.0854492	
-0.0839233	
-0.0857544	
-0.0915527	
-0.100403	
-0.109558	
-0.119324	
-0.128784	
-0.135193	
-0.138245	
-0.137634	
-0.135498	
-0.133362	
-0.132141	
-0.132751	
-0.135193	
-0.13916	
-0.142212	
-0.143127	
-0.142212	
-0.140381	
-0.139771	
-0.138855	
-0.13855	
-0.137329	
-0.136108	
-0.133972	
-0.132446	
-0.132141	
-0.132751	
-0.133362	
-0.133057	
-0.133362	
-0.134888	
-0.135803	
-0.135803	
-0.134277	
-0.133057	
-0.134583	
-0.138245	
-0.141602	
-0.142212	
-0.140076	
-0.137329	
-0.135498	
-0.137024	
-0.143738	
-0.154419	
-0.16571	
-0.17334	
-0.177307	
-0.178528	
-0.179443	
-0.179443	
-0.178223	
-0.177002	
-0.174866	
-0.173645	
-0.173035	
-0.17334	
-0.173645	
-0.17334	
-0.171204	
-0.169983	
-0.169678	
-0.171204	
-0.17334	
-0.173035	
-0.171204	
-0.169373	
-0.168457	
-0.168762	
-0.169067	
-0.169373	
-0.169373	
-0.169983	
-0.170898	
-0.172119	
-0.172424	
-0.172729	
-0.172119	
-0.170593	
-0.168762	
-0.168762	
-0.170288	
-0.171509	
-0.172424	
-0.170593	
-0.15686	
-0.128479	
-0.0878906	
-0.0473022	
-0.0109863	
0.0238037	
0.0604248	
0.0958252	
0.123596	
0.139771	
0.143738	
0.141602	
0.138855	
0.137634	
0.137939	
0.137329	
0.135193	
0.133362	
0.133362	
0.135803	
0.137939	
0.138245	
0.136719	
0.134888	
0.134888	
0.134888	
0.134277	
0.132751	
0.131226	
0.13092	
0.13092	
0.130615	
0.13092	
0.131531	
0.132141	
0.132141	
0.13092	
0.13031	
0.129089	
0.128174	
0.128174	
0.127869	
0.128174	
0.127258	
0.126953	
0.127869	
0.126648	
0.117798	
0.103455	
0.0894165	
0.0830078	
0.083313	
0.0854492	
0.0869751	
0.0869751	
0.0863647	
0.0857544	
0.0854492	
0.0854492	
0.0860596	
0.0866699	
0.0869751	
0.0863647	
0.0845337	
0.0830078	
0.0820923	
0.0811768	
0.0805664	
0.0802612	
0.0811768	
0.0811768	
0.0814819	
0.0811768	
0.0814819	
0.0823975	
0.0845337	
0.0863647	
0.0863647	
0.0848389	
0.083313	
0.0823975	
0.0817871	
0.0817871	
0.0820923	
0.0830078	
0.0836182	
0.0830078	
0.0802612	
0.0759888	
0.0738525	
0.0756836	
0.0796509	
0.0830078	
0.0839233	
0.0827026	
0.0814819	
0.0802612	
0.0799561	
0.0802612	
0.0811768	
0.0814819	
0.0827026	
0.0842285	
0.0860596	
0.0875854	
0.0869751	
0.0860596	
0.0839233	
0.0817871	
0.0808716	
0.0808716	
0.0808716	
0.0805664	
0.0799561	
0.0787354	
0.0769043	
0.0756836	
0.0750732	
0.0750732	
0.0759888	
0.0778198	
0.0765991	
0.0701904	
0.0567627	
0.0418091	
0.0292969	
0.0210571	
0.0167847	
0.015564	
0.015564	
0.015564	
0.015564	
0.0164795	
0.0183105	
0.0195313	
0.0198364	
0.0186157	
0.0170898	
0.0161743	
0.0161743	
0.0164795	
0.0170898	
0.0167847	
0.015564	
0.0131226	
0.0109863	
0.0119019	
0.0146484	
0.0167847	
0.0177002	
0.0158691	
0.0146484	
0.0143433	
0.0152588	
0.0158691	
0.0161743	
0.0161743	
0.0161743	
0.0115967	
0.00152588	
-0.0100708	
-0.0189209	
-0.022583	
-0.0228882	
-0.0228882	
-0.022583	
-0.0213623	
-0.0201416	
-0.0198364	
-0.0210571	
-0.0228882	
-0.0250244	
-0.0256348	
-0.0253296	
-0.0259399	
-0.0271606	
-0.0283813	
-0.0292969	
-0.0299072	
-0.0311279	
-0.0326538	
-0.0335693	
-0.0338745	
-0.0335693	
-0.0335693	
-0.0332642	
-0.0341797	
-0.0344849	
-0.0341797	
-0.0335693	
-0.0326538	
-0.0314331	
-0.0299072	
-0.0283813	
-0.0286865	
-0.0299072	
-0.0302124	
-0.0292969	
-0.0283813	
-0.0323486	
-0.0408936	
-0.0546265	
-0.0692749	
-0.0845337	
-0.0979614	
-0.108032	
-0.112915	
-0.11322	
-0.111389	
-0.109863	
-0.109863	
-0.112305	
-0.114136	
-0.115662	
-0.115967	
-0.115051	
-0.114746	
-0.115662	
-0.117493	
-0.118713	
-0.118713	
-0.118408	
-0.118103	
-0.117798	
-0.116272	
-0.114441	
-0.112915	
-0.111084	
-0.110168	
-0.111084	
-0.113831	
-0.116882	
-0.117188	
-0.115051	
-0.112	
-0.109863	
-0.109253	
-0.110474	
-0.110779	
-0.109863	
-0.108032	
-0.106506	
-0.106812	
-0.108337	
-0.109253	
-0.108643	
-0.107422	
-0.105591	
-0.10376	
-0.102844	
-0.102844	
-0.10376	
-0.104675	
-0.103455	
-0.101318	
-0.0994873	
-0.098877	
-0.100098	
-0.101624	
-0.101318	
-0.0994873	
-0.0994873	
-0.101929	
-0.105591	
-0.106812	
-0.106506	
-0.105896	
-0.106812	
-0.107727	
-0.108337	
-0.108643	
-0.108032	
-0.107117	
-0.106201	
-0.106506	
-0.107422	
-0.107727	
-0.107422	
-0.107117	
-0.108032	
-0.108337	
-0.107422	
-0.105591	
-0.10498	
-0.105896	
-0.107117	
-0.106506	
-0.104675	
-0.102844	
-0.102234	
-0.101624	
-0.100708	
-0.100403	
-0.100708	
-0.101318	
-0.101929	
-0.103455	
-0.105286	
-0.105896	
-0.105591	
-0.105896	
-0.106812	
-0.107422	
-0.107422	
-0.107727	
-0.108032	
-0.108643	
-0.108032	
-0.106506	
-0.104065	
-0.102234	
-0.101624	
-0.103149	
-0.105286	
-0.106506	
-0.106201	
-0.104675	
-0.103455	
-0.101929	
-0.101624	
-0.101929	
-0.102234	
-0.102234	
-0.102234	
-0.0985718	
-0.0848389	
-0.0585938	
-0.0241089	
0.0119019	
0.0454712	
0.0808716	
0.114746	
0.143127	
0.159302	
0.162048	
0.158691	
0.15625	
0.157166	
0.158691	
0.159302	
0.158386	
0.158386	
0.157471	
0.15625	
0.154114	
0.154114	
0.155029	
0.15564	
0.156555	
0.157166	
0.158691	
0.158386	
0.15625	
0.153809	
0.152893	
0.152283	
0.152283	
0.151062	
0.150146	
0.150146	
0.150452	
0.150757	
0.150452	
0.149231	
0.14679	
0.144043	
0.141602	
0.139771	
0.138855	
0.138855	
0.139771	
0.141296	
0.143127	
0.143433	
0.137634	
0.127563	
0.117493	
0.11322	
0.115662	
0.118713	
0.119019	
0.117798	
0.116577	
0.116272	
0.115662	
0.113831	
0.111694	
0.111694	
0.11322	
0.114746	
0.115051	
0.114441	
0.114441	
0.114136	
0.112915	
0.111084	
0.109253	
0.107117	
0.10498	
0.103149	
0.102539	
0.10376	
0.10498	
0.104065	
0.103149	
0.103455	
0.104675	
0.10498	
0.104675	
0.10376	
0.103455	
0.104065	
0.104065	
0.10437	
0.10437	
0.105591	
0.106812	
0.107422	
0.108032	
0.108643	
0.109253	
0.107727	
0.10498	
0.102539	
0.101929	
0.102539	
0.10376	
0.10376	
0.0985718	
0.0872803	
0.0741577	
0.0650024	
0.0604248	
0.0582886	
0.0579834	
0.0585938	
0.0588989	
0.057373	
0.055542	
0.055542	
0.0570679	
0.0598145	
0.0616455	
0.0622559	
0.0616455	
0.0613403	
0.0601196	
0.0588989	
0.0564575	
0.0546265	
0.0537109	
0.0524902	
0.0521851	
0.0524902	
0.0527954	
0.0515747	
0.0491333	
0.0466919	
0.0448608	
0.043335	
0.0439453	
0.0454712	
0.0473022	
0.0473022	
0.0460815	
0.0442505	
0.043335	
0.0430298	
0.0442505	
0.0469971	
0.0497437	
0.0494385	
0.043335	
0.0332642	
0.0231934	
0.017395	
0.0146484	
0.0134277	
0.0115967	
0.0106812	
0.0100708	
0.00946045	
0.00915527	
0.0088501	
0.00823975	
0.00732422	
0.00671387	
0.00610352	
0.00640869	
0.00701904	
0.00762939	
0.00793457	
0.00732422	
0.00701904	
0.00823975	
0.010376	
0.0125122	
0.0125122	
0.0115967	
0.0109863	
0.0125122	
0.0140381	
0.0143433	
0.0140381	
0.00946045	
0	
-0.0137329	
-0.0259399	
-0.0320435	
-0.0341797	
-0.0341797	
-0.0341797	
-0.0335693	
-0.0323486	
-0.0320435	
-0.0323486	
-0.0338745	
-0.0344849	
-0.0338745	
-0.032959	
-0.032959	
-0.032959	
-0.0335693	
-0.0335693	
-0.0335693	
-0.0335693	
-0.032959	
-0.0326538	
-0.0332642	
-0.03479	
-0.0363159	
-0.0369263	
-0.0369263	
-0.0372314	
-0.0387573	
-0.0402832	
-0.0418091	
-0.0418091	
-0.0405884	
-0.0387573	
-0.0372314	
-0.0363159	
-0.0357056	
-0.0357056	
-0.0363159	
-0.0369263	
-0.0366211	
-0.0360107	
-0.0360107	
-0.0375366	
-0.0393677	
-0.0402832	
-0.0402832	
-0.0393677	
-0.0390625	
-0.0439453	
-0.0558472	
-0.0747681	
-0.0946045	
-0.111694	
-0.124817	
-0.133972	
-0.139771	
-0.141602	
-0.13916	
-0.134888	
-0.132751	
-0.134888	
-0.137634	
-0.13855	
-0.137329	
-0.136108	
-0.137024	
-0.138855	
-0.140686	
-0.142212	
-0.142517	
-0.141296	
-0.139771	
-0.13855	
-0.138855	
-0.138855	
-0.137329	
-0.134583	
-0.134277	
-0.136108	
-0.138245	
-0.13916	
-0.13855	
-0.137939	
-0.136414	
-0.134888	
-0.134277	
-0.134888	
-0.135193	
-0.133972	
-0.131836	
-0.13092	
-0.13092	
-0.130615	
-0.130005	
-0.129395	
-0.133057	
-0.140991	
-0.152283	
-0.162048	
-0.168152	
-0.171204	
-0.17334	
-0.173645	
-0.172729	
-0.171204	
-0.170898	
-0.172119	
-0.173645	
-0.17395	
-0.173035	
-0.171814	
-0.170898	
-0.169678	
-0.169067	
-0.167847	
-0.167236	
-0.167236	
-0.167542	
-0.168457	
-0.168457	
-0.166931	
-0.165405	
-0.164185	
-0.16449	
-0.165405	
-0.1651	
-0.1651	
-0.164185	
-0.16449	
-0.165405	
-0.166016	
-0.16571	
-0.165405	
-0.165405	
-0.1651	
-0.162048	
-0.159302	
-0.157471	
-0.158386	
-0.160217	
-0.161743	
-0.163269	
-0.163574	
-0.162659	
-0.160828	
-0.159302	
-0.158691	
-0.158997	
-0.160522	
-0.161438	
-0.160217	
-0.157776	
-0.15686	
-0.15686	
-0.156555	
-0.155029	
-0.154114	
-0.154724	
-0.15564	
-0.155029	
-0.153809	
-0.152588	
-0.152588	
-0.153198	
-0.14801	
-0.129089	
-0.0976563	
-0.0585938	
-0.0192261	
0.0189209	
0.0576782	
0.0946045	
0.124817	
0.143433	
0.150452	
0.150452	
0.149231	
0.148621	
0.148315	
0.146484	
0.144043	
0.142822	
0.143433	
0.144958	
0.14679	
0.147705	
0.148315	
0.148315	
0.148621	
0.148621	
0.148315	
0.147095	
0.145874	
0.144958	
0.144653	
0.144653	
0.143738	
0.143127	
0.143127	
0.144043	
0.144348	
0.143433	
0.142212	
0.140991	
0.139771	
0.138245	
0.137329	
0.136719	
0.136414	
0.135803	
0.133972	
0.126648	
0.114746	
0.100708	
0.0881958	
0.0787354	
0.0723267	
0.0692749	
0.0695801	
0.0717163	
0.072937	
0.0723267	
0.0692749	
0.065918	
0.0650024	
0.065918	
0.0674438	
0.0671387	
0.0653076	
0.0634766	
0.0616455	
0.0601196	
0.0598145	
0.0610352	
0.0628662	
0.065918	
0.0680542	
0.0686646	
0.0674438	
0.0650024	
0.062561	
0.0616455	
0.0616455	
0.0631714	
0.0643921	
0.0653076	
0.0653076	
0.0656128	
0.0656128	
0.0643921	
0.0622559	
0.06073	
0.0601196	
0.0604248	
0.0613403	
0.0628662	
0.0646973	
0.0665283	
0.0662231	
0.0643921	
0.0622559	
0.0616455	
0.0622559	
0.0634766	
0.0646973	
0.0640869	
0.0631714	
0.0619507	
0.0616455	
0.0619507	
0.0567627	
0.0460815	
0.0311279	
0.0183105	
0.010376	
0.00457764	
0.0012207	
0.000305176	
0.00183105	
0.00305176	
0.00274658	
0.00183105	
0.000915527	
0.000610352	
-0.000305176	
-0.000610352	
-0.00213623	
-0.00457764	
-0.00732422	
-0.00915527	
-0.00976563	
-0.00976563	
-0.00976563	
-0.00915527	
-0.00915527	
-0.00976563	
-0.0112915	
-0.0125122	
-0.0119019	
-0.00946045	
-0.00732422	
-0.00457764	
-0.00152588	
-0.000915527	
-0.00518799	
-0.0140381	
-0.0234985	
-0.027771	
-0.027771	
-0.0253296	
-0.0238037	
-0.0241089	
-0.0256348	
-0.0274658	
-0.0283813	
-0.0289917	
-0.0289917	
-0.0274658	
-0.0262451	
-0.0253296	
-0.0256348	
-0.0268555	
-0.0286865	
-0.0308228	
-0.0332642	
-0.0338745	
-0.0341797	
-0.0344849	
-0.0354004	
-0.0366211	
-0.0369263	
-0.0378418	
-0.038147	
-0.0387573	
-0.038147	
-0.0366211	
-0.0344849	
-0.0332642	
-0.0323486	
-0.0326538	
-0.0326538	
-0.0317383	
-0.0314331	
-0.0305176	
-0.0296021	
-0.0292969	
-0.0299072	
-0.0317383	
-0.0326538	
-0.0323486	
-0.0317383	
-0.0320435	
-0.0338745	
-0.0344849	
-0.0375366	
-0.0479126	
-0.0656128	
-0.0881958	
-0.110168	
-0.131836	
-0.151367	
-0.165405	
-0.172729	
-0.172119	
-0.169067	
-0.166626	
-0.167236	
-0.169678	
-0.171204	
-0.170898	
-0.170898	
-0.171814	
-0.172424	
-0.172119	
-0.171814	
-0.171814	
-0.172424	
-0.172424	
-0.172119	
-0.172119	
-0.170593	
-0.168457	
-0.166626	
-0.166321	
-0.166931	
-0.168152	
-0.169067	
-0.170288	
-0.169678	
-0.169067	
-0.169373	
-0.170288	
-0.170898	
-0.170593	
-0.170898	
-0.171509	
-0.172424	
-0.172729	
-0.172424	
-0.170898	
-0.172119	
-0.177307	
-0.187073	
-0.197449	
-0.204773	
-0.209045	
-0.209045	
-0.206604	
-0.203552	
-0.202026	
-0.202026	
-0.202637	
-0.203552	
-0.204163	
-0.204468	
-0.203857	
-0.203552	
-0.203552	
-0.204468	
-0.205994	
-0.207214	
-0.207825	
-0.20752	
-0.206909	
-0.205688	
-0.204468	
-0.202332	
-0.2005	
-0.19928	
-0.198059	
-0.196533	
-0.194702	
-0.192871	
-0.192566	
-0.193176	
-0.194397	
-0.194092	
-0.192261	
-0.19043	
-0.189514	
-0.19043	
-0.192261	
-0.193787	
-0.194397	
-0.194702	
-0.194702	
-0.194092	
-0.192871	
-0.184021	
-0.163574	
-0.13031	
-0.090332	
-0.0509644	
-0.0134277	
0.0231934	
0.0567627	
0.0836182	
0.100098	
0.106506	
0.107422	
0.106812	
0.107117	
0.108643	
0.108948	
0.108643	
0.108032	
0.106506	
0.105896	
0.110168	
0.126038	
0.150146	
0.168457	
0.170898	
0.161133	
0.151978	
0.150146	
0.151367	
0.151672	
0.150757	
0.149231	
0.147705	
0.14679	
0.146484	
0.146484	
0.146179	
0.145569	
0.145264	
0.146179	
0.14679	
0.14679	
0.14679	
0.145874	
0.145264	
0.144043	
0.142517	
0.141602	
0.140686	
0.140991	
0.141602	
0.142517	
0.142822	
0.143738	
0.144958	
0.145569	
0.147095	
0.147705	
0.148926	
0.150757	
0.151367	
0.150146	
0.148621	
0.147095	
0.140991	
0.127563	
0.108337	
0.0909424	
0.0808716	
0.0775146	
0.0765991	
0.0772095	
0.0778198	
0.0787354	
0.0793457	
0.0790405	
0.0790405	
0.0784302	
0.0772095	
0.0762939	
0.0759888	
0.0765991	
0.0769043	
0.0753784	
0.072937	
0.0704956	
0.0701904	
0.0704956	
0.0704956	
0.0695801	
0.0680542	
0.0668335	
0.0665283	
0.0671387	
0.0674438	
0.0674438	
0.067749	
0.0686646	
0.0689697	
0.0689697	
0.0680542	
0.0683594	
0.0680542	
0.0671387	
0.0650024	
0.0640869	
0.0646973	
0.065918	
0.0650024	
0.0631714	
0.0622559	
0.0631714	
0.0643921	
0.0643921	
0.0637817	
0.0634766	
0.0637817	
0.0650024	
0.065918	
0.0665283	
0.067749	
0.0701904	
0.0744629	
0.0750732	
0.0680542	
0.0537109	
0.0378418	
0.0253296	
0.0167847	
0.010376	
0.00610352	
0.00488281	
0.00579834	
0.00671387	
0.00610352	
0.00457764	
0.00274658	
0.000610352	
-0.0012207	
-0.00274658	
-0.00396729	
-0.00579834	
-0.00793457	
-0.00915527	
-0.0088501	
-0.00732422	
-0.00579834	
-0.00518799	
-0.00518799	
-0.00518799	
-0.00427246	
-0.00396729	
-0.00427246	
-0.00427246	
-0.00427246	
-0.00366211	
-0.00152588	
0.000305176	
0.00244141	
0.00274658	
0.00183105	
0.000305176	
-0.00152588	
-0.00244141	
-0.000610352	
0.00244141	
0.00427246	
0.00213623	
-0.00213623	
-0.00488281	
-0.00488281	
-0.00793457	
-0.0177002	
-0.0332642	
-0.0512695	
-0.0674438	
-0.0808716	
-0.0906372	
-0.0964355	
-0.0991821	
-0.0985718	
-0.0958252	
-0.0930786	
-0.0921631	
-0.0921631	
-0.0918579	
-0.0915527	
-0.090332	
-0.0878906	
-0.0860596	
-0.0860596	
-0.0891113	
-0.0930786	
-0.0949097	
-0.0949097	
-0.0942993	
-0.0942993	
-0.0952148	
-0.09552	
-0.0942993	
-0.0921631	
-0.090332	
-0.0897217	
-0.090332	
-0.0906372	
-0.0906372	
-0.0906372	
-0.0909424	
-0.0906372	
-0.0900269	
-0.088501	
-0.0875854	
-0.0863647	
-0.0863647	
-0.0860596	
-0.0863647	
-0.0869751	
-0.0872803	
-0.0866699	
-0.0863647	
-0.0869751	
-0.0878906	
-0.0881958	
-0.0869751	
-0.085144	
-0.0827026	
-0.0814819	
-0.0820923	
-0.0857544	
-0.0894165	
-0.0918579	
-0.0915527	
-0.0894165	
-0.0866699	
-0.0860596	
-0.0881958	
-0.0921631	
-0.0946045	
-0.0949097	
-0.0939941	
-0.0927734	
-0.0912476	
-0.0891113	
-0.0872803	
-0.0863647	
-0.0860596	
-0.0891113	
-0.0973511	
-0.109253	
-0.121765	
-0.130615	
-0.137024	
-0.141907	
-0.144653	
-0.145264	
-0.144348	
-0.141907	
-0.139771	
-0.13916	
-0.139465	
-0.140076	
-0.140991	
-0.142822	
-0.145874	
-0.148926	
-0.148621	
-0.144653	
-0.139771	
-0.136719	
-0.137939	
-0.140686	
-0.142517	
-0.143433	
-0.142517	
-0.141296	
-0.140686	
-0.141602	
-0.142517	
-0.143433	
-0.142822	
-0.143127	
-0.144348	
-0.145874	
-0.145874	
-0.143738	
-0.142212	
-0.142212	
-0.145264	
-0.143738	
-0.128174	
-0.0973511	
-0.0576782	
-0.0183105	
0.0180054	
0.0527954	
0.0860596	
0.112305	
0.128784	
0.135803	
0.136414	
0.134583	
0.133667	
0.133972	
0.134583	
0.133057	
0.13092	
0.129395	
0.128479	
0.128174	
0.126648	
0.125122	
0.124817	
0.125122	
0.125732	
0.126038	
0.126953	
0.127258	
0.127563	
0.126038	
0.124817	
0.123596	
0.123901	
0.124817	
0.126648	
0.127563	
0.128174	
0.128479	
0.128174	
0.127563	
0.126343	
0.123901	
0.121765	
0.119934	
0.118408	
0.120239	
0.126953	
0.137939	
0.145874	
0.147095	
0.142517	
0.137634	
0.136414	
0.137939	
0.140686	
0.142517	
0.142212	
0.141602	
0.139771	
0.138245	
0.137024	
0.136414	
0.136719	
0.137024	
0.137329	
0.137329	
0.137024	
0.136108	
0.134888	
0.134583	
0.134277	
0.133972	
0.133057	
0.131531	
0.130615	
0.13031	
0.131226	
0.132446	
0.133972	
0.135498	
0.131226	
0.119629	
0.0991821	
0.0753784	
0.0552368	
0.0393677	
0.0305176	
0.027771	
0.0286865	
0.0302124	
0.0296021	
0.0283813	
0.0268555	
0.0262451	
0.0253296	
0.0244141	
0.0228882	
0.0228882	
0.0238037	
0.0262451	
0.0283813	
0.0292969	
0.027771	
0.0253296	
0.0228882	
0.0219727	
0.0213623	
0.0201416	
0.0183105	
0.0167847	
0.0164795	
0.0183105	
0.0201416	
0.0201416	
0.0186157	
0.0164795	
0.0149536	
0.0137329	
0.0131226	
0.0131226	
0.0140381	
0.0137329	
0.0100708	
0.00335693	
-0.00427246	
-0.00915527	
-0.00915527	
-0.00610352	
-0.00183105	
-0.000610352	
-0.000305176	
-0.00152588	
-0.00305176	
-0.00457764	
-0.00549316	
-0.00488281	
-0.00335693	
-0.00213623	
-0.00244141	
-0.00335693	
-0.00457764	
-0.00518799	
-0.00457764	
-0.00305176	
-0.0012207	
0	
-0.000305176	
-0.00152588	
-0.00305176	
-0.00396729	
-0.00396729	
-0.00335693	
-0.00213623	
-0.00183105	
-0.00183105	
-0.00152588	
-0.000915527	
0	
0.0012207	
0.00244141	
0.00305176	
0.00305176	
0.00274658	
0.00244141	
0.00183105	
0.00183105	
0.00183105	
0.00183105	
0.00274658	
-0.000305176	
-0.00946045	
-0.0250244	
-0.045166	
-0.0653076	
-0.0827026	
-0.0952148	
-0.102234	
-0.104675	
-0.10498	
-0.10437	
-0.10376	
-0.104065	
-0.104675	
-0.10498	
-0.10498	
-0.10498	
-0.10437	
-0.104675	
-0.10498	
-0.104675	
-0.103149	
-0.101624	
-0.101318	
-0.101929	
-0.101318	
-0.101624	
-0.102539	
-0.10437	
-0.105591	
-0.104675	
-0.10376	
-0.103455	
-0.104675	
-0.105896	
-0.106506	
-0.105896	
-0.104065	
-0.101624	
-0.0997925	
-0.0982666	
-0.0982666	
-0.098877	
-0.100708	
-0.102234	
-0.101929	
-0.101013	
-0.0997925	
-0.0982666	
-0.0964355	
-0.0949097	
-0.0979614	
-0.106506	
-0.12085	
-0.136719	
-0.150452	
-0.158691	
-0.162354	
-0.162659	
-0.162964	
-0.163269	
-0.164795	
-0.16571	
-0.166626	
-0.166626	
-0.16571	
-0.165405	
-0.166321	
-0.167236	
-0.166931	
-0.16449	
-0.161438	
-0.159607	
-0.160217	
-0.161743	
-0.162659	
-0.162048	
-0.161133	
-0.160828	
-0.160828	
-0.159607	
-0.158691	
-0.158081	
-0.158081	
-0.158691	
-0.158386	
-0.157776	
-0.157471	
-0.156555	
-0.155945	
-0.155945	
-0.157776	
-0.159302	
-0.160217	
-0.159302	
-0.148926	
-0.126038	
-0.0921631	
-0.0552368	
-0.0216675	
0.00946045	
0.0405884	
0.0717163	
0.102234	
0.127563	
0.144043	
0.149841	
0.148621	
0.145874	
0.143738	
0.143433	
0.142822	
0.141296	
0.139465	
0.137329	
0.135803	
0.135498	
0.133972	
0.132751	
0.132446	
0.133362	
0.135193	
0.136719	
0.136719	
0.135193	
0.133057	
0.132446	
0.132446	
0.133057	
0.133362	
0.133972	
0.133972	
0.133362	
0.13031	
0.129395	
0.136414	
0.149536	
0.163879	
0.171204	
0.170593	
0.168457	
0.166321	
0.166016	
0.165405	
0.165405	
0.16571	
0.16571	
0.163879	
0.161133	
0.159302	
0.158997	
0.159912	
0.161133	
0.161133	
0.160217	
0.158691	
0.158386	
0.159607	
0.162048	
0.162964	
0.160828	
0.158386	
0.156555	
0.15625	
0.156555	
0.155945	
0.154724	
0.152893	
0.152283	
0.152283	
0.152893	
0.152893	
0.152588	
0.153503	
0.152588	
0.145874	
0.133362	
0.119019	
0.108948	
0.10498	
0.10498	
0.106201	
0.106812	
0.105591	
0.10437	
0.102844	
0.101318	
0.0994873	
0.0979614	
0.0976563	
0.098877	
0.100098	
0.100098	
0.0994873	
0.0985718	
0.098877	
0.0994873	
0.100708	
0.101013	
0.100403	
0.0991821	
0.0979614	
0.0970459	
0.09552	
0.0930786	
0.0918579	
0.0918579	
0.0933838	
0.0942993	
0.0942993	
0.0952148	
0.0973511	
0.100403	
0.101318	
0.0967407	
0.0875854	
0.0787354	
0.0750732	
0.0762939	
0.0790405	
0.0796509	
0.078125	
0.0762939	
0.0753784	
0.0747681	
0.0747681	
0.0750732	
0.0744629	
0.0735474	
0.0717163	
0.0708008	
0.0701904	
0.0701904	
0.0689697	
0.067749	
0.065918	
0.0646973	
0.0640869	
0.0646973	
0.065918	
0.0662231	
0.0665283	
0.0674438	
0.0692749	
0.071106	
0.071106	
0.0698853	
0.0683594	
0.0674438	
0.0674438	
0.0683594	
0.0708008	
0.0726318	
0.0732422	
0.0726318	
0.0695801	
0.06073	
0.0466919	
0.0311279	
0.0192261	
0.012207	
0.00976563	
0.0100708	
0.0131226	
0.0152588	
0.0158691	
0.0146484	
0.0134277	
0.0125122	
0.0112915	
0.010376	
0.0100708	
0.00946045	
0.00976563	
0.00915527	
0.0088501	
0.00732422	
0.00579834	
0.00549316	
0.00671387	
0.0088501	
0.00976563	
0.0106812	
0.00976563	
0.00793457	
0.00610352	
0.00549316	
0.00701904	
0.00915527	
0.0109863	
0.0115967	
0.010376	
0.00823975	
0.00732422	
0.00854492	
0.0106812	
0.00671387	
-0.00518799	
-0.0253296	
-0.045166	
-0.06073	
-0.071106	
-0.0765991	
-0.0790405	
-0.0784302	
-0.0765991	
-0.0765991	
-0.0775146	
-0.0796509	
-0.0811768	
-0.0814819	
-0.0814819	
-0.0802612	
-0.0793457	
-0.0796509	
-0.0802612	
-0.0796509	
-0.0784302	
-0.0784302	
-0.0796509	
-0.0805664	
-0.0814819	
-0.0827026	
-0.0842285	
-0.0848389	
-0.083313	
-0.0827026	
-0.0836182	
-0.0845337	
-0.0857544	
-0.0854492	
-0.0848389	
-0.0839233	
-0.0836182	
-0.0842285	
-0.0848389	
-0.0854492	
-0.0854492	
-0.0854492	
-0.085144	
-0.0860596	
-0.0875854	
-0.0894165	
-0.0909424	
-0.0915527	
-0.0915527	
-0.090332	
-0.0878906	
-0.0878906	
-0.0918579	
-0.0979614	
-0.102234	
-0.101929	
-0.098877	
-0.0967407	
-0.0970459	
-0.0979614	
-0.0964355	
-0.093689	
-0.0921631	
-0.0924683	
-0.0930786	
-0.0921631	
-0.090332	
-0.0894165	
-0.0906372	
-0.0927734	
-0.0939941	
-0.0939941	
-0.0946045	
-0.0939941	
-0.0930786	
-0.0912476	
-0.0900269	
-0.0897217	
-0.0897217	
-0.090332	
-0.0909424	
-0.0906372	
-0.0888062	
-0.0878906	
-0.0891113	
-0.0912476	
-0.0924683	
-0.0942993	
-0.0982666	
-0.104675	
-0.112915	
-0.122375	
-0.133057	
-0.145874	
-0.157166	
-0.165405	
-0.168762	
-0.168457	
-0.167236	
-0.166931	
-0.166626	
-0.166016	
-0.166321	
-0.167542	
-0.168457	
-0.167542	
-0.165405	
-0.163269	
-0.161438	
-0.161438	
-0.162964	
-0.1651	
-0.165405	
-0.163574	
-0.161743	
-0.161133	
-0.161133	
-0.160828	
-0.160522	
-0.160522	
-0.160828	
-0.161438	
-0.161743	
-0.161743	
-0.160828	
-0.159607	
-0.157166	
-0.155334	
-0.154419	
-0.155334	
-0.157776	
-0.160217	
-0.153198	
-0.131836	
-0.0970459	
-0.0582886	
-0.022583	
0.00976563	
0.0424194	
0.0747681	
0.103149	
0.123901	
0.134277	
0.137024	
0.135498	
0.133972	
0.133667	
0.134277	
0.135498	
0.136108	
0.136108	
0.133972	
0.132141	
0.13092	
0.13031	
0.1297	
0.128784	
0.127869	
0.128174	
0.128479	
0.128479	
0.127869	
0.125732	
0.123596	
0.122375	
0.122681	
0.125427	
0.128174	
0.130005	
0.130005	
0.129089	
0.128784	
0.128784	
0.13031	
0.130615	
0.131531	
0.132751	
0.134888	
0.136108	
0.134888	
0.132751	
0.131836	
0.132751	
0.129089	
0.12146	
0.111084	
0.10498	
0.104675	
0.106201	
0.107117	
0.107117	
0.106812	
0.106506	
0.10498	
0.103149	
0.102234	
0.103455	
0.10498	
0.105896	
0.105286	
0.10376	
0.103455	
0.104065	
0.105591	
0.106201	
0.105286	
0.10376	
0.102539	
0.101318	
0.0997925	
0.0997925	
0.101013	
0.102539	
0.103455	
0.10437	
0.105286	
0.105591	
0.104675	
0.103455	
0.10376	
0.105286	
0.106812	
0.107117	
0.106201	
0.105591	
0.10498	
0.102844	
0.100403	
0.0991821	
0.0994873	
0.100098	
0.100403	
0.102234	
0.103455	
0.0976563	
0.0854492	
0.0695801	
0.057373	
0.0491333	
0.0448608	
0.043335	
0.0436401	
0.0442505	
0.0442505	
0.0442505	
0.0442505	
0.0448608	
0.0442505	
0.0421143	
0.039978	
0.039978	
0.0415039	
0.043335	
0.0421143	
0.0396729	
0.0390625	
0.0402832	
0.0424194	
0.0436401	
0.0457764	
0.0469971	
0.0454712	
0.0418091	
0.0387573	
0.0387573	
0.0396729	
0.0411987	
0.0430298	
0.0442505	
0.0454712	
0.045166	
0.0448608	
0.0442505	
0.0442505	
0.0439453	
0.0427246	
0.0415039	
0.0424194	
0.0442505	
0.0448608	
0.0430298	
0.0402832	
0.0387573	
0.0384521	
0.0363159	
0.0299072	
0.0180054	
0.00366211	
-0.0088501	
-0.0170898	
-0.0216675	
-0.0238037	
-0.0250244	
-0.0253296	
-0.0268555	
-0.0280762	
-0.0283813	
-0.0268555	
-0.0256348	
-0.0262451	
-0.0280762	
-0.0296021	
-0.0308228	
-0.0320435	
-0.0323486	
-0.0326538	
-0.0332642	
-0.0338745	
-0.0335693	
-0.0320435	
-0.0299072	
-0.0289917	
-0.0280762	
-0.0259399	
-0.0234985	
-0.0213623	
-0.0219727	
-0.0250244	
-0.0262451	
-0.0253296	
-0.0228882	
-0.0219727	
-0.0231934	
-0.0234985	
-0.0234985	
-0.0234985	
-0.0238037	
-0.0247192	
-0.0244141	
-0.0241089	
-0.0241089	
-0.0241089	
-0.0250244	
-0.0262451	
-0.0268555	
-0.0262451	
-0.0247192	
-0.0219727	
-0.0238037	
-0.0326538	
-0.0482178	
-0.0680542	
-0.0875854	
-0.106506	
-0.121155	
-0.129395	
-0.131226	
-0.130615	
-0.129395	
-0.127258	
-0.124207	
-0.12146	
-0.121765	
-0.123901	
-0.124817	
-0.125122	
-0.124817	
-0.125427	
-0.126343	
-0.125732	
-0.124512	
-0.123596	
-0.12207	
-0.121765	
-0.121155	
-0.12146	
-0.12146	
-0.119629	
-0.116882	
-0.115967	
-0.117493	
-0.119019	
-0.119324	
-0.117798	
-0.116577	
-0.116272	
-0.117188	
-0.118408	
-0.119019	
-0.120239	
-0.12146	
-0.122375	
-0.122986	
-0.122681	
-0.122986	
-0.122681	
-0.12146	
-0.119324	
-0.119934	
-0.12207	
-0.123291	
-0.122375	
-0.122986	
-0.128479	
-0.13855	
-0.148621	
-0.155334	
-0.159302	
-0.161438	
-0.162048	
-0.161743	
-0.161133	
-0.161438	
-0.161133	
-0.161133	
-0.159912	
-0.158997	
-0.158386	
-0.159302	
-0.160522	
-0.161438	
-0.162048	
-0.162659	
-0.162048	
-0.161133	
-0.160522	
-0.160828	
-0.161133	
-0.160828	
-0.159912	
-0.160217	
-0.160522	
-0.152283	
-0.130005	
-0.0949097	
-0.0564575	
-0.0204468	
0.0125122	
0.0457764	
0.0778198	
0.10498	
0.124207	
0.133972	
0.137024	
0.13916	
0.141907	
0.145264	
0.14679	
0.145264	
0.142822	
0.140076	
0.139465	
0.140991	
0.141602	
0.140686	
0.140076	
0.140991	
0.142822	
0.144043	
0.144043	
0.144653	
0.144958	
0.145569	
0.14679	
0.148926	
0.148926	
0.144653	
0.13855	
0.135803	
0.137024	
0.13855	
0.137329	
0.135803	
0.134583	
0.134277	
0.134583	
0.135803	
0.137634	
0.138245	
0.136719	
0.135193	
0.135498	
0.137024	
0.137329	
0.135803	
0.134888	
0.135193	
0.137024	
0.138245	
0.13916	
0.141907	
0.144653	
0.14679	
0.146484	
0.144653	
0.143433	
0.142822	
0.142822	
0.144043	
0.145874	
0.14679	
0.145569	
0.143127	
0.140686	
0.139771	
0.13916	
0.138245	
0.137634	
0.137024	
0.135498	
0.132751	
0.131226	
0.130615	
0.132446	
0.134888	
0.132446	
0.124512	
0.112915	
0.101013	
0.0921631	
0.0875854	
0.0863647	
0.0875854	
0.088501	
0.088501	
0.0894165	
0.0915527	
0.0939941	
0.0942993	
0.0921631	
0.0894165	
0.0872803	
0.0872803	
0.0872803	
0.0875854	
0.0872803	
0.0860596	
0.0848389	
0.0842285	
0.0842285	
0.0839233	
0.083313	
0.0839233	
0.0854492	
0.0866699	
0.0866699	
0.0857544	
0.085144	
0.0842285	
0.0836182	
0.0842285	
0.0854492	
0.0857544	
0.085144	
0.0836182	
0.0836182	
0.0823975	
0.0765991	
0.0671387	
0.0561523	
0.0497437	
0.0469971	
0.0466919	
0.0482178	
0.0506592	
0.0515747	
0.0509644	
0.0497437	
0.0488281	
0.0488281	
0.0494385	
0.0494385	
0.0491333	
0.0482178	
0.0473022	
0.0473022	
0.0466919	
0.0457764	
0.0436401	
0.0421143	
0.0427246	
0.0463867	
0.0506592	
0.0524902	
0.0518799	
0.0506592	
0.050354	
0.050354	
0.0488281	
0.0482178	
0.0485229	
0.0485229	
0.0476074	
0.0448608	
0.0445557	
0.0424194	
0.0357056	
0.0244141	
0.0128174	
0.00549316	
0.00366211	
0.00396729	
0.00579834	
0.00671387	
0.00640869	
0.00457764	
0.00335693	
0.00305176	
0.00396729	
0.00518799	
0.00793457	
0.0109863	
0.0131226	
0.0131226	
0.0115967	
0.0106812	
0.0115967	
0.0128174	
0.012207	
0.010376	
0.00793457	
0.00549316	
0.00244141	
0.000915527	
0.00152588	
0.00427246	
0.00732422	
0.0088501	
0.00854492	
0.00640869	
0.00488281	
0.00305176	
-0.000915527	
-0.00793457	
-0.0170898	
-0.0238037	
-0.0262451	
-0.0268555	
-0.0283813	
-0.0289917	
-0.0292969	
-0.0286865	
-0.0289917	
-0.0305176	
-0.0302124	
-0.0286865	
-0.0268555	
-0.0259399	
-0.0274658	
-0.027771	
-0.0274658	
-0.0268555	
-0.0274658	
-0.0292969	
-0.0323486	
-0.0341797	
-0.0341797	
-0.0320435	
-0.0299072	
-0.0296021	
-0.0292969	
-0.027771	
-0.0259399	
-0.0247192	
-0.0247192	
-0.0244141	
-0.0228882	
-0.0213623	
-0.0204468	
-0.0213623	
-0.0231934	
-0.0247192	
-0.0247192	
-0.0244141	
-0.0231934	
-0.0210571	
-0.0189209	
-0.0189209	
-0.0219727	
-0.0244141	
-0.0256348	
-0.0256348	
-0.0296021	
-0.0375366	
-0.0488281	
-0.0622559	
-0.0753784	
-0.0872803	
-0.0967407	
-0.102234	
-0.10498	
-0.104675	
-0.103455	
-0.10376	
-0.106201	
-0.109863	
-0.111694	
-0.112	
-0.111084	
-0.109863	
-0.109253	
-0.108337	
-0.105896	
-0.102539	
-0.101318	
-0.103149	
-0.107117	
-0.108948	
-0.107727	
-0.10498	
-0.102234	
-0.101624	
-0.101624	
-0.101318	
-0.100403	
-0.100098	
-0.101624	
-0.102844	
-0.103149	
-0.103455	
-0.10376	
-0.10437	
-0.104675	
-0.10498	
-0.105896	
-0.108032	
-0.108337	
-0.108337	
-0.107727	
-0.107422	
-0.107422	
-0.107727	
-0.106506	
-0.106506	
-0.107117	
-0.108032	
-0.105896	
-0.101624	
-0.0976563	
-0.0982666	
-0.101013	
-0.10376	
-0.10437	
-0.10376	
-0.10376	
-0.10437	
-0.104675	
-0.104065	
-0.10376	
-0.102234	
-0.101013	
-0.098877	
-0.0973511	
-0.0973511	
-0.0973511	
-0.0976563	
-0.0967407	
-0.0946045	
-0.0924683	
-0.0915527	
-0.0881958	
-0.0741577	
-0.0469971	
-0.0119019	
0.0228882	
0.055542	
0.0894165	
0.122986	
0.152893	
0.176392	
0.19165	
0.197449	
0.196228	
0.192566	
0.19043	
0.19043	
0.190735	
0.19043	
0.189819	
0.189209	
0.189514	
0.189514	
0.189209	
0.187073	
0.184631	
0.184326	
0.184937	
0.186157	
0.186462	
0.186462	
0.187073	
0.187378	
0.187073	
0.186157	
0.184326	
0.181885	
0.179443	
0.179138	
0.179443	
0.179138	
0.178833	
0.179443	
0.181274	
0.182495	
0.1828	
0.182495	
0.181885	
0.18158	
0.18158	
0.18219	
0.1828	
0.18158	
0.180664	
0.180969	
0.178528	
0.170593	
0.157776	
0.142517	
0.130005	
0.117493	
0.104065	
0.0933838	
0.0881958	
0.0878906	
0.088501	
0.0872803	
0.0848389	
0.0839233	
0.0854492	
0.0875854	
0.0872803	
0.0854492	
0.0830078	
0.0823975	
0.0827026	
0.0839233	
0.0845337	
0.0839233	
0.0823975	
0.0802612	
0.0790405	
0.0790405	
0.0799561	
0.0814819	
0.0830078	
0.083313	
0.0820923	
0.0808716	
0.0799561	
0.0799561	
0.0805664	
0.0808716	
0.0814819	
0.0820923	
0.0827026	
0.083313	
0.0827026	
0.0830078	
0.0808716	
0.0735474	
0.0604248	
0.045166	
0.0326538	
0.0247192	
0.0192261	
0.015564	
0.0131226	
0.0128174	
0.0137329	
0.0137329	
0.0134277	
0.012207	
0.0112915	
0.00946045	
0.00732422	
0.00671387	
0.00762939	
0.0100708	
0.0119019	
0.0128174	
0.0128174	
0.0125122	
0.0134277	
0.0137329	
0.0146484	
0.0152588	
0.0158691	
0.015564	
0.0143433	
0.0140381	
0.0140381	
0.0146484	
0.0146484	
0.0137329	
0.0128174	
0.012207	
0.012207	
0.0137329	
0.0161743	
0.0140381	
0.00610352	
-0.00701904	
-0.0216675	
-0.0350952	
-0.0469971	
-0.0561523	
-0.0595093	
-0.0592041	
-0.0564575	
-0.0549316	
-0.0546265	
-0.0561523	
-0.0582886	
-0.0598145	
-0.0592041	
-0.057373	
-0.0561523	
-0.0567627	
-0.0570679	
-0.0561523	
-0.0552368	
-0.0564575	
-0.0595093	
-0.0613403	
-0.0619507	
-0.06073	
-0.0598145	
-0.0585938	
-0.0579834	
-0.0567627	
-0.0564575	
-0.0579834	
-0.0613403	
-0.0640869	
-0.0646973	
-0.0628662	
-0.0598145	
-0.0579834	
-0.0564575	
-0.0558472	
-0.0567627	
-0.0576782	
-0.0588989	
-0.0579834	
-0.0595093	
-0.0668335	
-0.0796509	
-0.0949097	
-0.107422	
-0.116272	
-0.12207	
-0.124817	
-0.124817	
-0.123596	
-0.122986	
-0.124817	
-0.127258	
-0.128784	
-0.128174	
-0.127258	
-0.126953	
-0.127869	
-0.128174	
-0.127563	
-0.125427	
-0.122986	
-0.12207	
-0.121765	
-0.121155	
-0.121155	
-0.122681	
-0.125122	
-0.125732	
-0.123596	
-0.12146	
-0.121155	
-0.12207	
-0.122375	
-0.121765	
-0.120544	
-0.119629	
-0.120544	
-0.123291	
-0.125427	
-0.125427	
-0.123596	
-0.123596	
-0.123291	
-0.122986	
-0.12146	
-0.120239	
-0.119324	
-0.118713	
-0.117188	
-0.114746	
-0.112915	
-0.11261	
-0.113525	
-0.115356	
-0.114441	
-0.102234	
-0.078125	
-0.0436401	
-0.00854492	
0.0222778	
0.0500488	
0.0756836	
0.0979614	
0.113831	
0.12085	
0.121765	
0.122375	
0.125122	
0.128479	
0.130005	
0.128174	
0.124817	
0.122681	
0.12146	
0.122375	
0.122986	
0.123291	
0.122681	
0.120239	
0.118103	
0.115662	
0.113831	
0.113831	
0.115051	
0.116882	
0.118408	
0.119324	
0.118408	
0.116882	
0.114136	
0.111694	
0.109863	
0.109253	
0.108643	
0.107422	
0.105591	
0.10376	
0.103149	
0.102844	
0.102234	
0.102844	
0.104675	
0.106812	
0.105591	
0.101013	
0.0970459	
0.0952148	
0.0970459	
0.0991821	
0.101318	
0.102539	
0.103149	
0.103455	
0.10376	
0.10376	
0.101929	
0.100098	
0.0979614	
0.0958252	
0.0942993	
0.0933838	
0.0942993	
0.0952148	
0.09552	
0.0942993	
0.0921631	
0.0897217	
0.0881958	
0.0888062	
0.0909424	
0.0933838	
0.0949097	
0.0942993	
0.0921631	
0.0897217	
0.0875854	
0.0860596	
0.0854492	
0.085144	
0.0854492	
0.0854492	
0.0854492	
0.0857544	
0.0872803	
0.088501	
0.0891113	
0.0891113	
0.088501	
0.088501	
0.0888062	
0.0888062	
0.0894165	
0.0894165	
0.0888062	
0.0875854	
0.0869751	
0.0872803	
0.0881958	
0.0888062	
0.0897217	
0.0912476	
0.0921631	
0.0924683	
0.0915527	
0.0912476	
0.0915527	
0.0927734	
0.0924683	
0.0909424	
0.0891113	
0.0875854	
0.0866699	
0.0854492	
0.083313	
0.0814819	
0.0802612	
0.0805664	
0.0811768	
0.0817871	
0.0820923	
0.0820923	
0.0817871	
0.0808716	
0.0805664	
0.0805664	
0.0808716	
0.0811768	
0.0808716	
0.0796509	
0.0790405	
0.0787354	
0.0787354	
0.078125	
0.0769043	
0.0750732	
0.0735474	
0.072937	
0.072937	
0.0720215	
0.065918	
0.0561523	
0.0454712	
0.0387573	
0.0354004	
0.0308228	
0.0238037	
0.015564	
0.00976563	
0.00732422	
0.00732422	
0.0088501	
0.00946045	
0.00946045	
0.00854492	
0.00823975	
0.00823975	
0.00793457	
0.00610352	
0.00396729	
0.00305176	
0.00305176	
0.00213623	
0.000915527	
0.000305176	
0.000610352	
0.00183105	
0.00305176	
0.00305176	
0.00183105	
-0.000305176	
0	
0.00183105	
0.00396729	
0.00518799	
0.00579834	
0.00701904	
0.00793457	
0.00854492	
0.00823975	
0.00396729	
-0.00427246	
-0.0140381	
-0.0213623	
-0.0238037	
-0.0241089	
-0.0247192	
-0.0259399	
-0.0268555	
-0.027771	
-0.0296021	
-0.0314331	
-0.0320435	
-0.0314331	
-0.0308228	
-0.0314331	
-0.0320435	
-0.0314331	
-0.0302124	
-0.0302124	
-0.0326538	
-0.0357056	
-0.0375366	
-0.0372314	
-0.0350952	
-0.0320435	
-0.0299072	
-0.0305176	
-0.0326538	
-0.0338745	
-0.0341797	
-0.0335693	
-0.0335693	
-0.0326538	
-0.0317383	
-0.03479	
-0.0427246	
-0.0531006	
-0.0613403	
-0.0662231	
-0.0683594	
-0.0689697	
-0.067749	
-0.0671387	
-0.0680542	
-0.0695801	
-0.0708008	
-0.0704956	
-0.0692749	
-0.0689697	
-0.0698853	
-0.0714111	
-0.0720215	
-0.0720215	
-0.0717163	
-0.0717163	
-0.071106	
-0.0692749	
-0.0683594	
-0.0686646	
-0.0698853	
-0.0698853	
-0.067749	
-0.0653076	
-0.0643921	
-0.0656128	
-0.0674438	
-0.0674438	
-0.0674438	
-0.067749	
-0.0680542	
-0.0683594	
-0.0680542	
-0.0686646	
-0.0683594	
-0.067749	
-0.0668335	
-0.0704956	
-0.0793457	
-0.0930786	
-0.107727	
-0.119629	
-0.129089	
-0.134888	
-0.137329	
-0.137939	
-0.136414	
-0.135498	
-0.135498	
-0.137024	
-0.13855	
-0.137329	
-0.134888	
-0.134583	
-0.135498	
-0.137939	
-0.13916	
-0.140076	
-0.140991	
-0.141296	
-0.141602	
-0.140991	
-0.139771	
-0.139465	
-0.140686	
-0.142212	
-0.144348	
-0.145874	
-0.1474	
-0.1474	
-0.147095	
-0.14679	
-0.146179	
-0.145264	
-0.142822	
-0.141296	
-0.140076	
-0.13855	
-0.136414	
-0.134583	
-0.133362	
-0.133667	
-0.133057	
-0.133057	
-0.132751	
-0.131836	
-0.131531	
-0.131531	
-0.131836	
-0.131226	
-0.131226	
-0.131531	
-0.132751	
-0.132141	
-0.13031	
-0.129395	
-0.13031	
-0.134277	
-0.138855	
-0.133057	
-0.113525	
-0.0830078	
-0.0531006	
-0.0289917	
-0.00671387	
0.0161743	
0.0354004	
0.0479126	
0.0518799	
0.0515747	
0.0491333	
0.0482178	
0.0497437	
0.0509644	
0.0506592	
0.0482178	
0.0463867	
0.0448608	
0.0442505	
0.0436401	
0.0436401	
0.0442505	
0.0445557	
0.045166	
0.0454712	
0.0454712	
0.0454712	
0.0454712	
0.045166	
0.0439453	
0.0421143	
0.0418091	
0.0421143	
0.043335	
0.0448608	
0.0460815	
0.0463867	
0.0460815	
0.0460815	
0.0473022	
0.0494385	
0.0491333	
0.0436401	
0.0363159	
0.0286865	
0.0231934	
0.0189209	
0.0149536	
0.0134277	
0.0137329	
0.0143433	
0.0152588	
0.0167847	
0.0167847	
0.0158691	
0.0134277	
0.0112915	
0.010376	
0.0100708	
0.0100708	
0.0100708	
0.0115967	
0.0128174	
0.0134277	
0.0128174	
0.0115967	
0.0115967	
0.0109863	
0.0106812	
0.00946045	
0.0100708	
0.0112915	
0.012207	
0.0131226	
0.0131226	
0.0131226	
0.0119019	
0.00976563	
0.00732422	
0.00549316	
0.00549316	
0.00701904	
0.00854492	
0.00762939	
0.00579834	
0.00518799	
0.00610352	
0.00701904	
0.00762939	
0.00762939	
0.00854492	
0.0100708	
0.0112915	
0.010376	
0.00793457	
0.00549316	
0.00579834	
0.00701904	
0.00762939	
0.00823975	
0.00976563	
0.010376	
0.00823975	
0.00488281	
0.00335693	
0.00427246	
0.00549316	
0.00518799	
0.00518799	
0.00549316	
0.00610352	
0.00579834	
0.00518799	
0.00457764	
0.00305176	
0.00213623	
0.00335693	
0.00640869	
0.00946045	
0.0100708	
0.00579834	
0.000305176	
-0.00213623	
0	
0.00396729	
0.00274658	
-0.00366211	
-0.00854492	
-0.00671387	
0.0012207	
0.00854492	
0.00946045	
0.00244141	
-0.00640869	
-0.0106812	
-0.00732422	
-0.00152588	
0.00213623	
0.00244141	
0.00396729	
0.00335693	
0.0012207	
-0.00274658	
-0.00305176	
-0.00183105	
-0.00366211	
-0.00579834	
-0.00518799	
-0.000915527	
0.00335693	
0.00457764	
0.00457764	
0.00396729	
0.000915527	
-0.00244141	
-0.00640869	
-0.00762939	
-0.00701904	
-0.00518799	
-0.00396729	
-0.00335693	
-0.00305176	
-0.00396729	
-0.00457764	
-0.00488281	
-0.00518799	
-0.00488281	
-0.00549316	
-0.00579834	
-0.00701904	
-0.00823975	
-0.0100708	
-0.0100708	
-0.0088501	
-0.00793457	
-0.00823975	
-0.00976563	
-0.0100708	
-0.00793457	
-0.00518799	
-0.00366211	
-0.00457764	
-0.00701904	
-0.00854492	
-0.00793457	
-0.00579834	
-0.00396729	
-0.00427246	
-0.00610352	
-0.00823975	
-0.00854492	
-0.00671387	
-0.00457764	
-0.00305176	
-0.00366211	
-0.00396729	
-0.00396729	
-0.00396729	
-0.00457764	
-0.00457764	
-0.00335693	
-0.00152588	
-0.0012207	
-0.00305176	
-0.00457764	
-0.00457764	
-0.00427246	
-0.00396729	
-0.00396729	
-0.00396729	
-0.00335693	
-0.00183105	
-0.000915527	
-0.000610352	
-0.00183105	
-0.00335693	
-0.00305176	
-0.00244141	
-0.00213623	
-0.00213623	
-0.0012207	
0.00152588	
0.00427246	
0.00549316	
0.00518799	
0.00305176	
0.000915527	
-0.000610352	
-0.000610352	
0.0012207	
0.00335693	
0.00488281	
0.00488281	
0.00427246	
0.00305176	
0.00183105	
0.000915527	
0.000610352	
0.00152588	
0.00305176	
0.00396729	
0.00305176	
0.00213623	
0.00183105	
0.00335693	
0.00549316	
0.00579834	
0.00549316	
0.00396729	
0.00213623	
0.000305176	
-0.000610352	
-0.000610352	
0.000305176	
0.000610352	
0.00152588	
0.00305176	
0.00518799	
0.00640869	
0.00640869	
0.00518799	
0.00244141	
-0.000610352	
-0.00213623	
-0.00213623	
0.000305176	
0.00244141	
0.00366211	
0.00396729	
0.00274658	
0.000915527	
-0.000610352	
-0.0012207	
-0.000610352	
0.000305176	
0	
-0.000305176	
0.000610352	
0.00213623	
0.00335693	
0.00488281	
0.00671387	
0.0088501	
0.00946045	
0.00732422	
0.00305176	
-0.000915527	
-0.00335693	
-0.00396729	
-0.00457764	
-0.00427246	
-0.00335693	
-0.0012207	
0.000610352	
0.00183105	
0.00335693	
0.00518799	
0.00640869	
0.00610352	
0.00549316	
0.00427246	
0.00244141	
0.00183105	
0.000915527	
0.00152588	
0.00183105	
0.00183105	
0.00244141	
0.00274658	
0.00274658	
0.00274658	
0.00305176	
0.00335693	
0.00366211	
0.00335693	
0.00366211	
0.00457764	
0.00579834	
0.00610352	
0.00579834	
0.00427246	
0.00366211	
0.00335693	
0.00366211	
0.00335693	
0.00213623	
0.00183105	
0.00213623	
0.00244141	
0.00274658	
0.00366211	
0.00457764	
0.00579834	
0.00518799	
0.00396729	
0.00305176	
0.00213623	
0.00244141	
0.00274658	
0.00366211	
