0.0460815	
0.0491333	
0.0518799	
0.0509644	
0.0479126	
0.0457764	
0.0439453	
0.0421143	
0.0421143	
0.0439453	
0.045166	
0.038147	
0.0302124	
0.0326538	
0.0430298	
0.0515747	
0.0442505	
0.0338745	
0.0387573	
0.0518799	
0.0598145	
0.0506592	
0.0378418	
0.0350952	
0.0418091	
0.0463867	
0.0454712	
0.0421143	
0.0402832	
0.0387573	
0.0384521	
0.0390625	
0.0402832	
0.0411987	
0.0418091	
0.0430298	
0.0460815	
0.0460815	
0.0427246	
0.0390625	
0.0366211	
0.0378418	
0.0372314	
0.0360107	
0.0378418	
0.0421143	
0.045166	
0.0421143	
0.0366211	
0.0341797	
0.0344849	
0.0375366	
0.039978	
0.0418091	
0.0411987	
0.0396729	
0.0405884	
0.0427246	
0.0442505	
0.0418091	
0.0418091	
0.0448608	
0.0491333	
0.0515747	
0.050354	
0.0500488	
0.0500488	
0.0506592	
0.0531006	
0.0564575	
0.0579834	
0.0543213	
0.0482178	
0.045166	
0.0463867	
0.0500488	
0.0509644	
0.0482178	
0.0457764	
0.043335	
0.0424194	
0.0430298	
0.045166	
0.0494385	
0.0512695	
0.0491333	
0.0460815	
0.0460815	
0.0494385	
0.0524902	
0.0531006	
0.0506592	
0.0485229	
0.0476074	
0.0497437	
0.0521851	
0.0531006	
0.0527954	
0.0524902	
0.0531006	
0.0546265	
0.0558472	
0.0576782	
0.0561523	
0.0518799	
0.0476074	
0.0476074	
0.0515747	
0.0546265	
0.055542	
0.0552368	
0.0546265	
0.0537109	
0.0518799	
0.050354	
0.0494385	
0.0500488	
0.0506592	
0.0531006	
0.0543213	
0.0534058	
0.0518799	
0.0509644	
0.0524902	
0.0549316	
0.0552368	
0.0527954	
0.0491333	
0.0469971	
0.0476074	
0.0509644	
0.0534058	
0.0543213	
0.0537109	
0.0531006	
0.0527954	
0.0518799	
0.0506592	
0.0518799	
0.0552368	
0.0576782	
0.0582886	
0.0558472	
0.0534058	
0.0515747	
0.0512695	
0.0518799	
0.0531006	
0.0549316	
0.055542	
0.055542	
0.055542	
0.0558472	
0.0558472	
0.0531006	
0.0494385	
0.0469971	
0.0482178	
0.0515747	
0.0531006	
0.0512695	
0.0494385	
0.0485229	
0.0491333	
0.0479126	
0.0479126	
0.0476074	
0.0476074	
0.0469971	
0.0457764	
0.0448608	
0.0439453	
0.0436401	
0.0439453	
0.0457764	
0.0476074	
0.0479126	
0.0463867	
0.0445557	
0.0442505	
0.0445557	
0.0439453	
0.0424194	
0.0393677	
0.0363159	
0.0335693	
0.0317383	
0.0311279	
0.0305176	
0.0299072	
0.0296021	
0.0302124	
0.0296021	
0.0268555	
0.0256348	
0.0271606	
0.0317383	
0.0344849	
0.0335693	
0.0299072	
0.027771	
0.0280762	
0.0289917	
0.0283813	
0.0262451	
0.0244141	
0.022583	
0.0216675	
0.0210571	
0.0219727	
0.022583	
0.022583	
0.0231934	
0.0241089	
0.0262451	
0.0256348	
0.0241089	
0.0222778	
0.0219727	
0.0213623	
0.0204468	
0.0192261	
0.0183105	
0.017395	
0.0177002	
0.0189209	
0.0213623	
0.0216675	
0.0198364	
0.0177002	
0.0164795	
0.0167847	
0.0170898	
0.0170898	
0.0183105	
0.0195313	
0.0204468	
0.0198364	
0.017395	
0.015564	
0.0161743	
0.0186157	
0.0213623	
0.0213623	
0.0189209	
0.0161743	
0.0143433	
0.015564	
0.0186157	
0.0201416	
0.020752	
0.0204468	
0.020752	
0.020752	
0.0192261	
0.0167847	
0.0164795	
0.0195313	
0.0234985	
0.0265503	
0.0262451	
0.0241089	
0.0231934	
0.0234985	
0.0259399	
0.0268555	
0.0283813	
0.0296021	
0.0305176	
0.0302124	
0.0289917	
0.0292969	
0.0305176	
0.0320435	
0.0320435	
0.0314331	
0.0308228	
0.0299072	
0.0289917	
0.0286865	
0.0292969	
0.0308228	
0.0317383	
0.0314331	
0.0302124	
0.0283813	
0.0268555	
0.0262451	
0.0253296	
0.0259399	
0.0268555	
0.0280762	
0.0289917	
0.0283813	
0.0268555	
0.0253296	
0.0250244	
0.0265503	
0.0289917	
0.0302124	
0.0296021	
0.0280762	
0.0265503	
0.027771	
0.0286865	
0.0299072	
0.0311279	
0.0308228	
0.0302124	
0.0289917	
0.0283813	
0.0296021	
0.0299072	
0.0292969	
0.0271606	
0.0244141	
0.022583	
0.0228882	
0.0241089	
0.0241089	
0.0234985	
0.022583	
0.022583	
0.0216675	
0.0204468	
0.0201416	
0.0210571	
0.0234985	
0.0253296	
0.0247192	
0.0228882	
0.0204468	
0.0201416	
0.0210571	
0.022583	
0.0238037	
0.0234985	
0.0222778	
0.0201416	
0.0186157	
0.0180054	
0.0180054	
0.0189209	
0.0201416	
0.0222778	
0.0241089	
0.0247192	
0.0231934	
0.0216675	
0.0198364	
0.017395	
0.015564	
0.0149536	
0.0164795	
0.0183105	
0.0180054	
0.0158691	
0.0137329	
0.0125122	
0.0128174	
0.0137329	
0.0137329	
0.0131226	
0.0115967	
0.0106812	
0.010376	
0.00976563	
0.0088501	
0.00793457	
0.00823975	
0.0088501	
0.00854492	
0.00793457	
0.00762939	
0.00854492	
0.00793457	
0.00671387	
0.00579834	
0.00579834	
0.00793457	
0.00976563	
0.0112915	
0.0109863	
0.0088501	
0.00701904	
0.00549316	
0.00549316	
0.00610352	
0.00671387	
0.00610352	
0.00396729	
0.00274658	
0.00213623	
0.00274658	
0.00183105	
0.000915527	
0	
0.000305176	
0.000610352	
0.00183105	
0.00183105	
0.00213623	
0.00183105	
0.0012207	
-0.000305176	
-0.0012207	
-0.00183105	
-0.00244141	
-0.00152588	
-0.00183105	
-0.00244141	
-0.00427246	
-0.00579834	
-0.00762939	
-0.00823975	
-0.0088501	
-0.00946045	
-0.0100708	
-0.0100708	
-0.00915527	
-0.00915527	
-0.0112915	
-0.0137329	
-0.0152588	
-0.0149536	
-0.0167847	
-0.0192261	
-0.0204468	
-0.0195313	
-0.0198364	
-0.0204468	
-0.0219727	
-0.0219727	
-0.0231934	
-0.0268555	
-0.0308228	
-0.0317383	
-0.0302124	
-0.0289917	
-0.0314331	
-0.0350952	
-0.0363159	
-0.0378418	
-0.0393677	
-0.0430298	
-0.0469971	
-0.0497437	
-0.0506592	
-0.050354	
-0.0509644	
-0.0531006	
-0.0558472	
-0.057373	
-0.0567627	
-0.0570679	
-0.0595093	
-0.0653076	
-0.0689697	
-0.0708008	
-0.0708008	
-0.071106	
-0.0732422	
-0.0765991	
-0.0805664	
-0.0830078	
-0.0842285	
-0.0842285	
-0.0854492	
-0.0881958	
-0.0930786	
-0.0979614	
-0.101624	
-0.10437	
-0.10498	
-0.10498	
-0.105591	
-0.108032	
-0.111084	
-0.114136	
-0.115356	
-0.116272	
-0.118103	
-0.119934	
-0.121765	
-0.123901	
-0.127258	
-0.131836	
-0.136108	
-0.140686	
-0.143738	
-0.145264	
-0.146484	
-0.146484	
-0.14801	
-0.149536	
-0.152283	
-0.155945	
-0.159302	
-0.163574	
-0.168152	
-0.172119	
-0.17334	
-0.172729	
-0.17334	
-0.176392	
-0.180664	
-0.183411	
-0.183105	
-0.182495	
-0.183105	
-0.184021	
-0.185242	
-0.184937	
-0.184937	
-0.186768	
-0.188904	
-0.189209	
-0.187683	
-0.185852	
-0.187683	
-0.19043	
-0.193176	
-0.193787	
-0.194397	
-0.196228	
-0.199585	
-0.202637	
-0.204468	
-0.204773	
-0.204468	
-0.205994	
-0.207825	
-0.209961	
-0.209961	
-0.209351	
-0.209045	
-0.209961	
-0.211182	
-0.211792	
-0.211182	
-0.210571	
-0.211487	
-0.213318	
-0.215454	
-0.216675	
-0.218811	
-0.221863	
-0.226135	
-0.229187	
-0.230713	
-0.231628	
-0.233154	
-0.236206	
-0.238647	
-0.239563	
-0.239258	
-0.239563	
-0.240479	
-0.242004	
-0.24353	
-0.244751	
-0.245667	
-0.245056	
-0.24292	
-0.238342	
-0.23468	
-0.231934	
-0.230408	
-0.228271	
-0.227356	
-0.227661	
-0.230408	
-0.233154	
-0.23407	
-0.232849	
-0.232239	
-0.232849	
-0.234375	
-0.234985	
-0.235291	
-0.235596	
-0.234375	
-0.232849	
-0.233765	
-0.238037	
-0.24231	
-0.245056	
-0.245667	
-0.245056	
-0.245056	
-0.245667	
-0.247803	
-0.250244	
-0.252075	
-0.252991	
-0.254211	
-0.256653	
-0.258484	
-0.257568	
-0.254822	
-0.25238	
-0.254211	
-0.258484	
-0.261841	
-0.262756	
-0.262451	
-0.262451	
-0.264587	
-0.265808	
-0.26825	
-0.270996	
-0.274353	
-0.2771	
-0.279541	
-0.280457	
-0.280762	
-0.280151	
-0.280457	
-0.282288	
-0.283813	
-0.284119	
-0.283203	
-0.283203	
-0.28656	
-0.290527	
-0.293579	
-0.29541	
-0.296936	
-0.299683	
-0.301514	
-0.30304	
-0.303955	
-0.306091	
-0.307922	
-0.309143	
-0.309753	
-0.310974	
-0.3125	
-0.314331	
-0.315552	
-0.316162	
-0.317078	
-0.317993	
-0.320129	
-0.321655	
-0.322571	
-0.322571	
-0.322266	
-0.323792	
-0.325317	
-0.326538	
-0.326843	
-0.327759	
-0.330505	
-0.333557	
-0.335999	
-0.336914	
-0.336914	
-0.336609	
-0.336609	
-0.338745	
-0.343018	
-0.3479	
-0.351257	
-0.351563	
-0.350037	
-0.3479	
-0.346069	
-0.346069	
-0.349426	
-0.354004	
-0.358276	
-0.360413	
-0.360413	
-0.359497	
-0.359497	
-0.361328	
-0.362854	
-0.36438	
-0.36499	
-0.365906	
-0.365906	
-0.366211	
-0.365906	
-0.367737	
-0.369568	
-0.370483	
-0.370483	
-0.369263	
-0.369263	
-0.369568	
-0.369873	
-0.370178	
-0.369568	
-0.369873	
-0.370789	
-0.371399	
-0.372314	
-0.372314	
-0.372925	
-0.373535	
-0.37384	
-0.373535	
-0.373535	
-0.375061	
-0.377197	
-0.378113	
-0.377808	
-0.377502	
-0.375366	
-0.366821	
-0.354614	
-0.345154	
-0.344543	
-0.349426	
-0.354004	
-0.356445	
-0.357971	
-0.359497	
-0.362244	
-0.367432	
-0.375061	
-0.382385	
-0.388184	
-0.391235	
-0.392456	
-0.392456	
-0.390015	
-0.386658	
-0.383606	
-0.383301	
-0.385437	
-0.387878	
-0.389099	
-0.388489	
-0.387878	
-0.388489	
-0.389404	
-0.39093	
-0.392151	
-0.393372	
-0.394592	
-0.396118	
-0.400085	
-0.404053	
-0.406494	
-0.40741	
-0.407715	
-0.407715	
-0.406799	
-0.405579	
-0.405579	
-0.407715	
-0.410461	
-0.413208	
-0.414734	
-0.414734	
-0.413818	
-0.414124	
-0.413513	
-0.409546	
-0.403137	
-0.39917	
-0.400696	
-0.404663	
-0.407104	
-0.407104	
-0.407104	
-0.40802	
-0.410461	
-0.411682	
-0.411987	
-0.410767	
-0.408936	
-0.40802	
-0.409546	
-0.411987	
-0.414124	
-0.415649	
-0.415039	
-0.414124	
-0.413208	
-0.413818	
-0.41626	
-0.41687	
-0.414734	
-0.411987	
-0.410767	
-0.412292	
-0.414124	
-0.414429	
-0.414124	
-0.413818	
-0.412903	
-0.411072	
-0.408325	
-0.406799	
-0.408325	
-0.411987	
-0.414429	
-0.413818	
-0.411987	
-0.409851	
-0.411682	
-0.413208	
-0.413513	
-0.411377	
-0.409546	
-0.410156	
-0.412598	
-0.415649	
-0.416565	
-0.417175	
-0.418701	
-0.420532	
-0.420532	
-0.418091	
-0.41626	
-0.416565	
-0.418396	
-0.419617	
-0.419006	
-0.418701	
-0.419922	
-0.421448	
-0.421448	
-0.420532	
-0.419617	
-0.420227	
-0.422058	
-0.423889	
-0.424805	
-0.423889	
-0.420837	
-0.418396	
-0.417786	
-0.419006	
-0.420837	
-0.422974	
-0.42511	
-0.42511	
-0.423889	
-0.421753	
-0.421753	
-0.422363	
-0.422974	
-0.422058	
-0.421143	
-0.419312	
-0.417786	
-0.415039	
-0.413818	
-0.414429	
-0.415649	
-0.416565	
-0.41748	
-0.419006	
-0.420837	
-0.422058	
-0.422058	
-0.421143	
-0.419617	
-0.417786	
-0.41626	
-0.415039	
-0.413818	
-0.413513	
-0.413513	
-0.413208	
-0.411682	
-0.410156	
-0.409851	
-0.410461	
-0.411682	
-0.411072	
-0.410156	
-0.409241	
-0.40863	
-0.406799	
-0.404968	
-0.404053	
-0.405273	
-0.406494	
-0.40741	
-0.407104	
-0.407104	
-0.406799	
-0.406189	
-0.405273	
-0.403442	
-0.401306	
-0.400696	
-0.402222	
-0.405273	
-0.406189	
-0.405579	
-0.403137	
-0.400085	
-0.397034	
-0.395203	
-0.394287	
-0.395203	
-0.396729	
-0.397339	
-0.397339	
-0.395203	
-0.393066	
-0.391846	
-0.391846	
-0.392151	
-0.391846	
-0.389404	
-0.386963	
-0.385742	
-0.386353	
-0.386658	
-0.385437	
-0.383301	
-0.38269	
-0.383301	
-0.385437	
-0.386047	
-0.385437	
-0.383606	
-0.38269	
-0.381775	
-0.380249	
-0.376282	
-0.372925	
-0.371399	
-0.372925	
-0.374756	
-0.375366	
-0.375671	
-0.375061	
-0.373535	
-0.370789	
-0.368958	
-0.368347	
-0.368958	
-0.368958	
-0.368652	
-0.368958	
-0.368958	
-0.368652	
-0.368652	
-0.368347	
-0.368042	
-0.366211	
-0.362854	
-0.360107	
-0.359802	
-0.361633	
-0.363159	
-0.363159	
-0.362549	
-0.361938	
-0.361328	
-0.360718	
-0.360107	
-0.359802	
-0.359192	
-0.358582	
-0.359802	
-0.360718	
-0.359497	
-0.35614	
-0.353088	
-0.352173	
-0.352478	
-0.352783	
-0.354004	
-0.354614	
-0.354919	
-0.352478	
-0.349121	
-0.3479	
-0.3479	
-0.3479	
-0.34668	
-0.345459	
-0.344543	
-0.343628	
-0.342407	
-0.341797	
-0.341492	
-0.341187	
-0.33905	
-0.337524	
-0.336609	
-0.336609	
-0.336609	
-0.335388	
-0.333557	
-0.332031	
-0.332336	
-0.334473	
-0.336304	
-0.335388	
-0.332642	
-0.330811	
-0.332031	
-0.334473	
-0.335999	
-0.336304	
-0.336914	
-0.336304	
-0.334167	
-0.330811	
-0.329285	
-0.328979	
-0.328064	
-0.325317	
-0.322571	
-0.322266	
-0.324097	
-0.325623	
-0.326233	
-0.326233	
-0.326538	
-0.327148	
-0.327148	
-0.326538	
-0.325012	
-0.325012	
-0.324097	
-0.322876	
-0.319824	
-0.317688	
-0.316162	
-0.314026	
-0.312195	
-0.310669	
-0.309448	
-0.308533	
-0.307617	
-0.307312	
-0.307312	
-0.306091	
-0.30426	
-0.30365	
-0.304565	
-0.306091	
-0.305176	
-0.302734	
-0.300598	
-0.300598	
-0.302124	
-0.30365	
-0.30426	
-0.30304	
-0.301514	
-0.300903	
-0.301208	
-0.301208	
-0.300903	
-0.300903	
-0.302429	
-0.303345	
-0.30365	
-0.302734	
-0.302429	
-0.302124	
-0.301514	
-0.300903	
-0.299377	
-0.298767	
-0.296021	
-0.294189	
-0.293274	
-0.292969	
-0.292358	
-0.292664	
-0.292664	
-0.292969	
-0.292969	
-0.292664	
-0.291443	
-0.288391	
-0.284729	
-0.283203	
-0.284424	
-0.28717	
-0.289001	
-0.288086	
-0.285339	
-0.282898	
-0.282288	
-0.282593	
-0.282898	
-0.282593	
-0.282593	
-0.283203	
-0.282898	
-0.280457	
-0.275879	
-0.271606	
-0.26886	
-0.268555	
-0.270386	
-0.272522	
-0.274048	
-0.273743	
-0.272827	
-0.271301	
-0.269165	
-0.26825	
-0.26886	
-0.268555	
-0.267029	
-0.264893	
-0.263977	
-0.265503	
-0.266113	
-0.266724	
-0.267639	
-0.267944	
-0.267029	
-0.266418	
-0.266724	
-0.267334	
-0.267334	
-0.266724	
-0.267029	
-0.267029	
-0.265503	
-0.264282	
-0.263672	
-0.263367	
-0.261841	
-0.259094	
-0.258179	
-0.259399	
-0.26123	
-0.26123	
-0.259399	
-0.257263	
-0.254822	
-0.252991	
-0.25177	
-0.250549	
-0.249023	
-0.247192	
-0.243225	
-0.240784	
-0.240784	
-0.243225	
-0.245667	
-0.244446	
-0.242004	
-0.240173	
-0.240479	
-0.240479	
-0.238342	
-0.235291	
-0.233154	
-0.231934	
-0.231018	
-0.229187	
-0.227356	
-0.22644	
-0.22644	
-0.227356	
-0.22644	
-0.224915	
-0.222473	
-0.221252	
-0.220032	
-0.219727	
-0.219116	
-0.219116	
-0.217285	
-0.216064	
-0.213318	
-0.212402	
-0.212708	
-0.212097	
-0.211182	
-0.20874	
-0.205383	
-0.202026	
-0.198669	
-0.196228	
-0.195007	
-0.195618	
-0.196228	
-0.196533	
-0.195313	
-0.193481	
-0.191345	
-0.189819	
-0.188293	
-0.186462	
-0.185852	
-0.187073	
-0.189819	
-0.191345	
-0.19043	
-0.187683	
-0.184021	
-0.180359	
-0.179138	
-0.179749	
-0.180359	
-0.180664	
-0.180359	
-0.179749	
-0.178833	
-0.175781	
-0.172424	
-0.168152	
-0.16449	
-0.161133	
-0.157776	
-0.15625	
-0.155334	
-0.155029	
-0.153809	
-0.151062	
-0.147095	
-0.144043	
-0.142517	
-0.143127	
-0.142822	
-0.141907	
-0.140076	
-0.137939	
-0.137024	
-0.136108	
-0.135498	
-0.133667	
-0.130615	
-0.126953	
-0.122681	
-0.120239	
-0.119934	
-0.120544	
-0.119019	
-0.115662	
-0.11261	
-0.109863	
-0.107727	
-0.105591	
-0.10376	
-0.101318	
-0.0982666	
-0.0952148	
-0.0958252	
-0.0994873	
-0.104065	
-0.107117	
-0.106506	
-0.104065	
-0.100403	
-0.0967407	
-0.093689	
-0.0921631	
-0.0909424	
-0.0888062	
-0.0848389	
-0.0814819	
-0.0799561	
-0.0772095	
-0.0744629	
-0.072937	
-0.0726318	
-0.0717163	
-0.0680542	
-0.0628662	
-0.0592041	
-0.0564575	
-0.0537109	
-0.0518799	
-0.0506592	
-0.0512695	
-0.0521851	
-0.0534058	
-0.0531006	
-0.050354	
-0.0473022	
-0.0445557	
-0.0427246	
-0.0405884	
-0.0375366	
-0.03479	
-0.0311279	
-0.0280762	
-0.0271606	
-0.0259399	
-0.0234985	
-0.0189209	
-0.0140381	
-0.0109863	
-0.00823975	
-0.00518799	
-0.00244141	
0.000305176	
0.00305176	
0.00610352	
0.00915527	
0.0115967	
0.0134277	
0.0146484	
0.0158691	
0.0183105	
0.020752	
0.0247192	
0.027771	
0.0302124	
0.0308228	
0.0314331	
0.0323486	
0.0338745	
0.0366211	
0.0387573	
0.0408936	
0.0421143	
0.0439453	
0.0469971	
0.0515747	
0.055542	
0.0582886	
0.0595093	
0.0613403	
0.0637817	
0.0662231	
0.067749	
0.0689697	
0.0723267	
0.0769043	
0.0805664	
0.0823975	
0.0814819	
0.0799561	
0.0802612	
0.083313	
0.0872803	
0.0909424	
0.0924683	
0.09552	
0.098877	
0.0997925	
0.0982666	
0.0994873	
0.104065	
0.110474	
0.115967	
0.120239	
0.124817	
0.127869	
0.128479	
0.128784	
0.130005	
0.132446	
0.135193	
0.137329	
0.13855	
0.138855	
0.13855	
0.139771	
0.141602	
0.144958	
0.148315	
0.151672	
0.154724	
0.15625	
0.15686	
0.157471	
0.157776	
0.157471	
0.155029	
0.153809	
0.155945	
0.161438	
0.167236	
0.169983	
0.170593	
0.170593	
0.170288	
0.170593	
0.170288	
0.171814	
0.174561	
0.177612	
0.179138	
0.179749	
0.179749	
0.179749	
0.18158	
0.184937	
0.190125	
0.195618	
0.198669	
0.19989	
0.201111	
0.203857	
0.207214	
0.209351	
0.209351	
0.20874	
0.209961	
0.213318	
0.21637	
0.217285	
0.218201	
0.219727	
0.223389	
0.22583	
0.227051	
0.227356	
0.226746	
0.227356	
0.228882	
0.231628	
0.234985	
0.237427	
0.237732	
0.236511	
0.235596	
0.237122	
0.241089	
0.243835	
0.245667	
0.246582	
0.247498	
0.247803	
0.247192	
0.247498	
0.249329	
0.251465	
0.253296	
0.254822	
0.256042	
0.257263	
0.258789	
0.260315	
0.261536	
0.263977	
0.266724	
0.270081	
0.272522	
0.274353	
0.2771	
0.279846	
0.281982	
0.282288	
0.282593	
0.283508	
0.285034	
0.284729	
0.283813	
0.283508	
0.283508	
0.284119	
0.284119	
0.285645	
0.287781	
0.290222	
0.292969	
0.296021	
0.298767	
0.300293	
0.301819	
0.303345	
0.305176	
0.306091	
0.307007	
0.307007	
0.307922	
0.309448	
0.31189	
0.314026	
0.316162	
0.316467	
0.317078	
0.317078	
0.318298	
0.318909	
0.318298	
0.317993	
0.318909	
0.321045	
0.323486	
0.325317	
0.326233	
0.327454	
0.328674	
0.3302	
0.331116	
0.330811	
0.3302	
0.328674	
0.327454	
0.326233	
0.325317	
0.325928	
0.327759	
0.3302	
0.332336	
0.332642	
0.332642	
0.331421	
0.331116	
0.331116	
0.331116	
0.332336	
0.331421	
0.330811	
0.3302	
0.331726	
0.334778	
0.335999	
0.337524	
0.33905	
0.340881	
0.341492	
0.340271	
0.339355	
0.340271	
0.341797	
0.343933	
0.345459	
0.346985	
0.3479	
0.348206	
0.347595	
0.34668	
0.34668	
0.348206	
0.349731	
0.350952	
0.349731	
0.348206	
0.34729	
0.346985	
0.346069	
0.345764	
0.346069	
0.346985	
0.347595	
0.34668	
0.346985	
0.349121	
0.351868	
0.353699	
0.35553	
0.357971	
0.359802	
0.359497	
0.35614	
0.353699	
0.354004	
0.35675	
0.357361	
0.354919	
0.352173	
0.352173	
0.353088	
0.353394	
0.352783	
0.352173	
0.352173	
0.352173	
0.354004	
0.35614	
0.357666	
0.357056	
0.353699	
0.350342	
0.348511	
0.350037	
0.352478	
0.354614	
0.35614	
0.357361	
0.359192	
0.361633	
0.362244	
0.362549	
0.362549	
0.363464	
0.365601	
0.366211	
0.36499	
0.362244	
0.361023	
0.361633	
0.363464	
0.36438	
0.364685	
0.363464	
0.361633	
0.359802	
0.358887	
0.359192	
0.360413	
0.362244	
0.363159	
0.362854	
0.361938	
0.362549	
0.363159	
0.363159	
0.363464	
0.363464	
0.364075	
0.36438	
0.36438	
0.363159	
0.361633	
0.360413	
0.359497	
0.358887	
0.357971	
0.357056	
0.35675	
0.358582	
0.360413	
0.360718	
0.358887	
0.356445	
0.35553	
0.35553	
0.35675	
0.357361	
0.357361	
0.35675	
0.35553	
0.354919	
0.354309	
0.353699	
0.352478	
0.350342	
0.3479	
0.346069	
0.345764	
0.34668	
0.3479	
0.348816	
0.3479	
0.345764	
0.342102	
0.339661	
0.338745	
0.33905	
0.33905	
0.338745	
0.33783	
0.337524	
0.337524	
0.336914	
0.335388	
0.333862	
0.333252	
0.333252	
0.334473	
0.336304	
0.337524	
0.336914	
0.334167	
0.331116	
0.328979	
0.328064	
0.328369	
0.328064	
0.327454	
0.326233	
0.325928	
0.326538	
0.327454	
0.327759	
0.327454	
0.327454	
0.327454	
0.327759	
0.327454	
0.326843	
0.323486	
0.32074	
0.319519	
0.32074	
0.32196	
0.321045	
0.318909	
0.317078	
0.316467	
0.316162	
0.316467	
0.315857	
0.314941	
0.313721	
0.31311	
0.3125	
0.311584	
0.310669	
0.309753	
0.307922	
0.305481	
0.301514	
0.297852	
0.295715	
0.295715	
0.297241	
0.299683	
0.301208	
0.301819	
0.302734	
0.30365	
0.304565	
0.304565	
0.30426	
0.30365	
0.302429	
0.300903	
0.300293	
0.300903	
0.301514	
0.300903	
0.298767	
0.296021	
0.293884	
0.292358	
0.291748	
0.292053	
0.292358	
0.292053	
0.291138	
0.289917	
0.290222	
0.290833	
0.289917	
0.289612	
0.289917	
0.290527	
0.290527	
0.288391	
0.286255	
0.285339	
0.286255	
0.287781	
0.288086	
0.28656	
0.284119	
0.282288	
0.281372	
0.280457	
0.279236	
0.277405	
0.276184	
0.275879	
0.275879	
0.274353	
0.272522	
0.271301	
0.272522	
0.274963	
0.275879	
0.273743	
0.270691	
0.26886	
0.26825	
0.267334	
0.266113	
0.264282	
0.262146	
0.260925	
0.260315	
0.260925	
0.260925	
0.259705	
0.259094	
0.257874	
0.256653	
0.253906	
0.251465	
0.249634	
0.249329	
0.249023	
0.248718	
0.247498	
0.246277	
0.244751	
0.244446	
0.245056	
0.246887	
0.247192	
0.245667	
0.243225	
0.241089	
0.239258	
0.237732	
0.235901	
0.235596	
0.236816	
0.237732	
0.238342	
0.238342	
0.238342	
0.238953	
0.239868	
0.241089	
0.242004	
0.242004	
0.242615	
0.242615	
0.242615	
0.24231	
0.241699	
0.240173	
0.239868	
0.240784	
0.243225	
0.244446	
0.244751	
0.245056	
0.246582	
0.246887	
0.245361	
0.24292	
0.242004	
0.241699	
0.242615	
0.24292	
0.24292	
0.242615	
0.242004	
0.240479	
0.238647	
0.236206	
0.235901	
0.236206	
0.235596	
0.23468	
0.23468	
0.235901	
0.236511	
0.235901	
0.233459	
0.231628	
0.230713	
0.231628	
0.231934	
0.232544	
0.232544	
0.233154	
0.233154	
0.23407	
0.235596	
0.237427	
0.237732	
0.237122	
0.237732	
0.238953	
0.240173	
0.24292	
0.244751	
0.247192	
0.249023	
0.249329	
0.249634	
0.250549	
0.252991	
0.257568	
0.26123	
0.263367	
0.264282	
0.264587	
0.264587	
0.264282	
0.264587	
0.266724	
0.270081	
0.273743	
0.276184	
0.276794	
0.276489	
0.276794	
0.2771	
0.278015	
0.279236	
0.281982	
0.284424	
0.286255	
0.287476	
0.289307	
0.292053	
0.2948	
0.295715	
0.297241	
0.299377	
0.30304	
0.306396	
0.309448	
0.312805	
0.315247	
0.316162	
0.315857	
0.315552	
0.317688	
0.321045	
0.324097	
0.325928	
0.327148	
0.328979	
0.332336	
0.336609	
0.341492	
0.344849	
0.346985	
0.349121	
0.352173	
0.355225	
0.357361	
0.359802	
0.361938	
0.363159	
0.363464	
0.364685	
0.367432	
0.367737	
0.367126	
0.366516	
0.368652	
0.371399	
0.372314	
0.372925	
0.375061	
0.379028	
0.38208	
0.383911	
0.383911	
0.385132	
0.387268	
0.389709	
0.391541	
0.392456	
0.394287	
0.396118	
0.398865	
0.401001	
0.402527	
0.404663	
0.405884	
0.405884	
0.405579	
0.405273	
0.407715	
0.411072	
0.413208	
0.414429	
0.415039	
0.41687	
0.419922	
0.422058	
0.423279	
0.423889	
0.42511	
0.426941	
0.428162	
0.430603	
0.43335	
0.435181	
0.436096	
0.437012	
0.440979	
0.445557	
0.449219	
0.450745	
0.452271	
0.453796	
0.455627	
0.457153	
0.460205	
0.464172	
0.46936	
0.472412	
0.473328	
0.472717	
0.472107	
0.473022	
0.475159	
0.477295	
0.479431	
0.480957	
0.482178	
0.484924	
0.489502	
0.493774	
0.495911	
0.496216	
0.495605	
0.496826	
0.499878	
0.503845	
0.506592	
0.507507	
0.509338	
0.51178	
0.516357	
0.52063	
0.523376	
0.524597	
0.524597	
0.523987	
0.524292	
0.525208	
0.527954	
0.531616	
0.534668	
0.537109	
0.539246	
0.540771	
0.542297	
0.542908	
0.544434	
0.546265	
0.548096	
0.550232	
0.552673	
0.555725	
0.558777	
0.561523	
0.563049	
0.563965	
0.56488	
0.566406	
0.568848	
0.570068	
0.569763	
0.570374	
0.57312	
0.576477	
0.578613	
0.580139	
0.581665	
0.584106	
0.586853	
0.588074	
0.588989	
0.59021	
0.591736	
0.592651	
0.591125	
0.5896	
0.589294	
0.591125	
0.592346	
0.593567	
0.594788	
0.596313	
0.596924	
0.597839	
0.598755	
0.600281	
0.602417	
0.605469	
0.608826	
0.609436	
0.609436	
0.609741	
0.612183	
0.61554	
0.618591	
0.619812	
0.619812	
0.618286	
0.615845	
0.614319	
0.614319	
0.615234	
0.61676	
0.618896	
0.620422	
0.622559	
0.625305	
0.626526	
0.624695	
0.620422	
0.618591	
0.621643	
0.626831	
0.629883	
0.630493	
0.629578	
0.629578	
0.629883	
0.630188	
0.629578	
0.628967	
0.629272	
0.631409	
0.632935	
0.631714	
0.629578	
0.628662	
0.630798	
0.63324	
0.63385	
0.632019	
0.629883	
0.628357	
0.628662	
0.630188	
0.631409	
0.632935	
0.632935	
0.632324	
0.631104	
0.631104	
0.631409	
0.632019	
0.632324	
0.63385	
0.635986	
0.636292	
0.634766	
0.632935	
0.632324	
0.63385	
0.635071	
0.635681	
0.636292	
0.635681	
0.635071	
0.634155	
0.63324	
0.63324	
0.63385	
0.635681	
0.638428	
0.640564	
0.64209	
0.642395	
0.641479	
0.640869	
0.641174	
0.6427	
0.643921	
0.643921	
0.643311	
0.643616	
0.643616	
0.64209	
0.638733	
0.635681	
0.634766	
0.635376	
0.636292	
0.637817	
0.638428	
0.637207	
0.634155	
0.631714	
0.631104	
0.632324	
0.634155	
0.636292	
0.637817	
0.638123	
0.636292	
0.634766	
0.633545	
0.632629	
0.632019	
0.632019	
0.632019	
0.631409	
0.629883	
0.627747	
0.626831	
0.626221	
0.626221	
0.62561	
0.62439	
0.623474	
0.622864	
0.623169	
0.623474	
0.624084	
0.624084	
0.623779	
0.623779	
0.62439	
0.624695	
0.62439	
0.622864	
0.621643	
0.620117	
0.618896	
0.618286	
0.618591	
0.618896	
0.617981	
0.615845	
0.613403	
0.612183	
0.611267	
0.610657	
0.610657	
0.611267	
0.612183	
0.612488	
0.612183	
0.611267	
0.610046	
0.609436	
0.609436	
0.610352	
0.610962	
0.610657	
0.610046	
0.608215	
0.6073	
0.606995	
0.60791	
0.608215	
0.606995	
0.605164	
0.603333	
0.603333	
0.601807	
0.59845	
0.595093	
0.594482	
0.596924	
0.599976	
0.600891	
0.59967	
0.59845	
0.596313	
0.593872	
0.590515	
0.588074	
0.586853	
0.586548	
0.585327	
0.584412	
0.582886	
0.582581	
0.58197	
0.582275	
0.583496	
0.584717	
0.585938	
0.585938	
0.584717	
0.583191	
0.581665	
0.581665	
0.58136	
0.582275	
0.583191	
0.584412	
0.584717	
0.583191	
0.579529	
0.576172	
0.57312	
0.570679	
0.569458	
0.570679	
0.578613	
0.592957	
0.609131	
0.623169	
0.63446	
0.643616	
0.65033	
0.652161	
0.649414	
0.643616	
0.638428	
0.635986	
0.635376	
0.634766	
0.63385	
0.63446	
0.635376	
0.635986	
0.635376	
0.63385	
0.632935	
0.631714	
0.630188	
0.628662	
0.627747	
0.625916	
0.624084	
0.623474	
0.62439	
0.623779	
0.620422	
0.61615	
0.613403	
0.612793	
0.612793	
0.612793	
0.613403	
0.612488	
0.611572	
0.610352	
0.609436	
0.610046	
0.611267	
0.611572	
0.609436	
0.606079	
0.603638	
0.603638	
0.604553	
0.604858	
0.604858	
0.604248	
0.602417	
0.601196	
0.599976	
0.59967	
0.599976	
0.59967	
0.59967	
0.599365	
0.598755	
0.597534	
0.596313	
0.596008	
0.596313	
0.596008	
0.594177	
0.592957	
0.592651	
0.594177	
0.596008	
0.596924	
0.596313	
0.594177	
0.591431	
0.589905	
0.587158	
0.584412	
0.581665	
0.580444	
0.579834	
0.579529	
0.579224	
0.577698	
0.575256	
0.570984	
0.567322	
0.566406	
0.566711	
0.567017	
0.565796	
0.56427	
0.563354	
0.561523	
0.559082	
0.556641	
0.555115	
0.554199	
0.553284	
0.552063	
0.551147	
0.550842	
0.550537	
0.549927	
0.549316	
0.549011	
0.549011	
0.548096	
0.545349	
0.543518	
0.541992	
0.542297	
0.542603	
0.541382	
0.539551	
0.53772	
0.53833	
0.539246	
0.538635	
0.536499	
0.535583	
0.53772	
0.539551	
0.539246	
0.536499	
0.534058	
0.531921	
0.531006	
0.53009	
0.53009	
0.530396	
0.529175	
0.526123	
0.522766	
0.52063	
0.52063	
0.52124	
0.52124	
0.520935	
0.520935	
0.519409	
0.518188	
0.516357	
0.515442	
0.513611	
0.51178	
0.510559	
0.509338	
0.508118	
0.506287	
0.504761	
0.504761	
0.50354	
0.501099	
0.496826	
0.493774	
0.492859	
0.492249	
0.490417	
0.489502	
0.492554	
0.498962	
0.503845	
0.503235	
0.499573	
0.495605	
0.491638	
0.488586	
0.487976	
0.489502	
0.490112	
0.486755	
0.482788	
0.479431	
0.478821	
0.47821	
0.476685	
0.475159	
0.475159	
0.47699	
0.479126	
0.479736	
0.477905	
0.473938	
0.470581	
0.469666	
0.470581	
0.470581	
0.469055	
0.467224	
0.466003	
0.465393	
0.464478	
0.462341	
0.46051	
0.458069	
0.455933	
0.454712	
0.454407	
0.454407	
0.453796	
0.452576	
0.452881	
0.454407	
0.455322	
0.454102	
0.451355	
0.447998	
0.445862	
0.444336	
0.443726	
0.443115	
0.4422	
0.440369	
0.438843	
0.437927	
0.436707	
0.434875	
0.432129	
0.431213	
0.430603	
0.429993	
0.427246	
0.423584	
0.419006	
0.41626	
0.415955	
0.418091	
0.420532	
0.420837	
0.419922	
0.418396	
0.417786	
0.418396	
0.418396	
0.419006	
0.420227	
0.421753	
0.422058	
0.420227	
0.417786	
0.415955	
0.414124	
0.411987	
0.410461	
0.410461	
0.411987	
0.413513	
0.413818	
0.412292	
0.409546	
0.40802	
0.409546	
0.415039	
0.419922	
0.419312	
0.413818	
0.405884	
0.400696	
0.398865	
0.39856	
0.397644	
0.396423	
0.395203	
0.393982	
0.392456	
0.391541	
0.39093	
0.389404	
0.386963	
0.383911	
0.381775	
0.381165	
0.380859	
0.379944	
0.377808	
0.376587	
0.376282	
0.375977	
0.374756	
0.37262	
0.370483	
0.368652	
0.366821	
0.36499	
0.362549	
0.360718	
0.359802	
0.359802	
0.358887	
0.357971	
0.355835	
0.352173	
0.3479	
0.344543	
0.344543	
0.346375	
0.3479	
0.346375	
0.343018	
0.338745	
0.337524	
0.337524	
0.336609	
0.332947	
0.328369	
0.325928	
0.326538	
0.326843	
0.325317	
0.32196	
0.318298	
0.314636	
0.312805	
0.311584	
0.304871	
0.288086	
0.267944	
0.25116	
0.242004	
0.235901	
0.230103	
0.227051	
0.22583	
0.224609	
0.222168	
0.218811	
0.216675	
0.215149	
0.213013	
0.211182	
0.209656	
0.20874	
0.206604	
0.201721	
0.196838	
0.192871	
0.19043	
0.189514	
0.188904	
0.187683	
0.185852	
0.1828	
0.180359	
0.177002	
0.175476	
0.174866	
0.17395	
0.172424	
0.169678	
0.167542	
0.16449	
0.162048	
0.160217	
0.158691	
0.15625	
0.153503	
0.151062	
0.149536	
0.148315	
0.148315	
0.1474	
0.145569	
0.142822	
0.140991	
0.140381	
0.138855	
0.136414	
0.133057	
0.131531	
0.13092	
0.130005	
0.127563	
0.123901	
0.12085	
0.119019	
0.118103	
0.117188	
0.115662	
0.11322	
0.110779	
0.108337	
0.105896	
0.104065	
0.101929	
0.100098	
0.0982666	
0.0970459	
0.0961304	
0.0942993	
0.0918579	
0.0881958	
0.0848389	
0.0820923	
0.0805664	
0.0796509	
0.0772095	
0.0732422	
0.0689697	
0.0653076	
0.0634766	
0.0637817	
0.0646973	
0.0646973	
0.0622559	
0.0585938	
0.055542	
0.0540161	
0.0540161	
0.0537109	
0.0518799	
0.0500488	
0.0479126	
0.0460815	
0.043335	
0.0415039	
0.0396729	
0.038147	
0.0341797	
0.0326538	
0.0335693	
0.03479	
0.0338745	
0.0299072	
0.0268555	
0.0250244	
0.0250244	
0.0238037	
0.0228882	
0.0204468	
0.0170898	
0.0131226	
0.00915527	
0.00640869	
0.00488281	
0.00305176	
0	
-0.00183105	
-0.00152588	
-0.000305176	
0.0012207	
0.0012207	
0.0012207	
0.00183105	
0.00152588	
0.000610352	
-0.0012207	
-0.00244141	
-0.00213623	
-0.0012207	
-0.000610352	
-0.000610352	
-0.00152588	
-0.00183105	
-0.00244141	
-0.00183105	
-0.000915527	
0	
-0.000305176	
-0.00152588	
-0.00335693	
-0.00518799	
-0.00671387	
-0.00823975	
-0.00946045	
-0.010376	
-0.0125122	
-0.0164795	
-0.020752	
-0.0231934	
-0.0228882	
-0.0216675	
-0.0210571	
-0.0210571	
-0.0210571	
-0.0213623	
-0.022583	
-0.0253296	
-0.0289917	
-0.032959	
-0.0366211	
-0.0393677	
-0.0415039	
-0.0448608	
-0.0488281	
-0.0521851	
-0.0527954	
-0.0521851	
-0.0527954	
-0.0561523	
-0.0588989	
-0.0604248	
-0.06073	
-0.0631714	
-0.0668335	
-0.0698853	
-0.0701904	
-0.0683594	
-0.0683594	
-0.0698853	
-0.0723267	
-0.0732422	
-0.0726318	
-0.0717163	
-0.0726318	
-0.0744629	
-0.0762939	
-0.0778198	
-0.0793457	
-0.0793457	
-0.0799561	
-0.0808716	
-0.0830078	
-0.0854492	
-0.0881958	
-0.0897217	
-0.0881958	
-0.0848389	
-0.0836182	
-0.0860596	
-0.0900269	
-0.0912476	
-0.0909424	
-0.0888062	
-0.0875854	
-0.0872803	
-0.088501	
-0.0909424	
-0.0927734	
-0.0933838	
-0.0942993	
-0.09552	
-0.0979614	
-0.100708	
-0.102539	
-0.10376	
-0.104675	
-0.105896	
-0.108032	
-0.110168	
-0.11261	
-0.114441	
-0.116577	
-0.117493	
-0.119324	
-0.12146	
-0.124207	
-0.126038	
-0.127869	
-0.13031	
-0.131836	
-0.133667	
-0.134888	
-0.135803	
-0.135498	
-0.134583	
-0.133667	
-0.133972	
-0.134583	
-0.134888	
-0.135498	
-0.136108	
-0.137329	
-0.138245	
-0.139465	
-0.140686	
-0.142212	
-0.143433	
-0.144653	
-0.146179	
-0.147095	
-0.145874	
-0.145264	
-0.144653	
-0.146484	
-0.149841	
-0.153198	
-0.15625	
-0.158386	
-0.160522	
-0.161743	
-0.161743	
-0.161438	
-0.162048	
-0.163574	
-0.166016	
-0.167542	
-0.168762	
-0.170288	
-0.170898	
-0.169983	
-0.168762	
-0.168457	
-0.169678	
-0.171509	
-0.172424	
-0.173035	
-0.17395	
-0.175171	
-0.175476	
-0.175476	
-0.176392	
-0.179443	
-0.183105	
-0.187073	
-0.189209	
-0.19043	
-0.19165	
-0.193481	
-0.195007	
-0.195923	
-0.196533	
-0.198364	
-0.201416	
-0.202942	
-0.202637	
-0.202026	
-0.202332	
-0.203552	
-0.204773	
-0.204163	
-0.204468	
-0.205078	
-0.206299	
-0.206299	
-0.205688	
-0.205078	
-0.205688	
-0.205994	
-0.20752	
-0.208435	
-0.210266	
-0.212097	
-0.213318	
-0.212708	
-0.211487	
-0.209961	
-0.208435	
-0.207825	
-0.20752	
-0.209656	
-0.213013	
-0.214844	
-0.215759	
-0.215149	
-0.214539	
-0.213928	
-0.213318	
-0.213623	
-0.214844	
-0.216064	
-0.21759	
-0.217896	
-0.217285	
-0.215454	
-0.213318	
-0.213318	
-0.21637	
-0.220032	
-0.221863	
-0.220947	
-0.220337	
-0.221252	
-0.221863	
-0.221863	
-0.220947	
-0.220337	
-0.221863	
-0.224609	
-0.227051	
-0.227356	
-0.225525	
-0.223083	
-0.222778	
-0.221863	
-0.220947	
-0.220032	
-0.220032	
-0.221252	
-0.221863	
-0.220947	
-0.220337	
-0.220337	
-0.219421	
-0.218201	
-0.217285	
-0.217896	
-0.219421	
-0.221252	
-0.222473	
-0.222473	
-0.221558	
-0.220642	
-0.220642	
-0.221558	
-0.222473	
-0.221252	
-0.218811	
-0.215149	
-0.213013	
-0.212402	
-0.213013	
-0.215149	
-0.218811	
-0.221863	
-0.222473	
-0.220642	
-0.217896	
-0.216675	
-0.217285	
-0.219116	
-0.221252	
-0.222168	
-0.221252	
-0.220337	
-0.219421	
-0.218506	
-0.217896	
-0.217285	
-0.21698	
-0.21698	
-0.216675	
-0.21637	
-0.215759	
-0.215149	
-0.214233	
-0.213928	
-0.213928	
-0.213623	
-0.213623	
-0.212402	
-0.211792	
-0.211792	
-0.212708	
-0.214539	
-0.215759	
-0.21637	
-0.21637	
-0.21637	
-0.21759	
-0.218811	
-0.218811	
-0.21637	
-0.213013	
-0.210266	
-0.208435	
-0.206604	
-0.205994	
-0.206299	
-0.206604	
-0.206604	
-0.206299	
-0.205078	
-0.203552	
-0.201416	
-0.200195	
-0.200195	
-0.2005	
-0.201111	
-0.200806	
-0.201111	
-0.201721	
-0.203247	
-0.205383	
-0.20752	
-0.20813	
-0.206909	
-0.204468	
-0.202332	
-0.201111	
-0.19989	
-0.2005	
-0.201721	
-0.203552	
-0.203247	
-0.201721	
-0.200195	
-0.19928	
-0.198364	
-0.197144	
-0.196838	
-0.196838	
-0.197144	
-0.196533	
-0.198669	
-0.200195	
-0.197449	
-0.190125	
-0.183411	
-0.18219	
-0.185547	
-0.189514	
-0.192261	
-0.194702	
-0.195313	
-0.194092	
-0.192261	
-0.19104	
-0.191345	
-0.191345	
-0.192261	
-0.193481	
-0.195007	
-0.196533	
-0.196533	
-0.195923	
-0.194397	
-0.19165	
-0.188904	
-0.188599	
-0.19043	
-0.193176	
-0.195007	
-0.196838	
-0.196838	
-0.195618	
-0.192566	
-0.19043	
-0.19043	
-0.192261	
-0.193481	
-0.192871	
-0.19104	
-0.189209	
-0.189209	
-0.190735	
-0.191956	
-0.191345	
-0.189209	
-0.187683	
-0.188904	
-0.190735	
-0.190735	
-0.189209	
-0.186157	
-0.183716	
-0.183411	
-0.184021	
-0.184021	
-0.183411	
-0.18219	
-0.181885	
-0.182495	
-0.185852	
-0.189514	
-0.19165	
-0.19043	
-0.188293	
-0.187683	
-0.188293	
-0.188293	
-0.187683	
-0.186768	
-0.186157	
-0.185852	
-0.184326	
-0.183411	
-0.184021	
-0.184631	
-0.184937	
-0.184937	
-0.184631	
-0.186157	
-0.187378	
-0.188293	
-0.187378	
-0.186157	
-0.184937	
-0.184631	
-0.184631	
-0.183105	
-0.18158	
-0.180664	
-0.180969	
-0.181885	
-0.18219	
-0.181885	
-0.181274	
-0.180664	
-0.180054	
-0.179749	
-0.179749	
-0.179443	
-0.178833	
-0.179443	
-0.180054	
-0.179138	
-0.177917	
-0.177307	
-0.178528	
-0.180359	
-0.18219	
-0.18219	
-0.180969	
-0.179749	
-0.178223	
-0.177917	
-0.177612	
-0.178528	
-0.180054	
-0.18219	
-0.183105	
-0.183105	
-0.183411	
-0.184326	
-0.185242	
-0.186768	
-0.189209	
-0.19165	
-0.191956	
-0.190125	
-0.187378	
-0.184937	
-0.1828	
-0.181885	
-0.182495	
-0.183105	
-0.18219	
-0.180054	
-0.178833	
-0.179443	
-0.180359	
-0.179443	
-0.177917	
-0.178528	
-0.179749	
-0.178528	
-0.176086	
-0.174561	
-0.176086	
-0.177612	
-0.176697	
-0.174866	
-0.17395	
-0.174866	
-0.176086	
-0.177002	
-0.176086	
-0.175171	
-0.17395	
-0.172729	
-0.172119	
-0.171814	
-0.172119	
-0.171814	
-0.171509	
-0.172119	
-0.173645	
-0.176392	
-0.178223	
-0.178833	
-0.177307	
-0.175171	
-0.174561	
-0.176086	
-0.177612	
-0.178223	
-0.177612	
-0.177002	
-0.177002	
-0.176697	
-0.177612	
-0.177917	
-0.178223	
-0.178528	
-0.178528	
-0.178528	
-0.178223	
-0.178833	
-0.180054	
-0.18219	
-0.184021	
-0.184631	
-0.184937	
-0.185547	
-0.186462	
-0.186462	
-0.185242	
-0.184021	
-0.183716	
-0.183716	
-0.184326	
-0.185852	
-0.186768	
-0.185852	
-0.184326	
-0.183105	
-0.184937	
-0.187683	
-0.189209	
-0.188904	
-0.187378	
-0.186462	
-0.188293	
-0.19104	
-0.194092	
-0.195618	
-0.195618	
-0.196533	
-0.198975	
-0.202942	
-0.206299	
-0.206909	
-0.205078	
-0.203857	
-0.202942	
-0.203552	
-0.204773	
-0.206909	
-0.209351	
-0.211792	
-0.214539	
-0.21698	
-0.219116	
-0.220947	
-0.221558	
-0.222473	
-0.222168	
-0.220947	
-0.220947	
-0.221252	
-0.224304	
-0.228882	
-0.231628	
-0.232239	
-0.230713	
-0.229797	
-0.231018	
-0.232849	
-0.234985	
-0.237732	
-0.239563	
-0.241089	
-0.24231	
-0.244446	
-0.245972	
-0.247192	
-0.246582	
-0.246277	
-0.246887	
-0.249023	
-0.25116	
-0.253601	
-0.256653	
-0.260315	
-0.265503	
-0.26886	
-0.270996	
-0.272522	
-0.277405	
-0.283508	
-0.288086	
-0.287781	
-0.28595	
-0.28595	
-0.288696	
-0.292358	
-0.2948	
-0.295715	
-0.296326	
-0.297241	
-0.298462	
-0.301514	
-0.305786	
-0.310974	
-0.314331	
-0.313416	
-0.31189	
-0.312195	
-0.314941	
-0.317078	
-0.317078	
-0.317993	
-0.32135	
-0.325928	
-0.328979	
-0.330505	
-0.331726	
-0.333252	
-0.335388	
-0.33905	
-0.342712	
-0.343628	
-0.341797	
-0.339661	
-0.340271	
-0.343323	
-0.346375	
-0.348206	
-0.349426	
-0.350647	
-0.351257	
-0.352173	
-0.353088	
-0.35614	
-0.359497	
-0.363464	
-0.366516	
-0.368347	
-0.370178	
-0.370178	
-0.370178	
-0.371094	
-0.37262	
-0.37384	
-0.37384	
-0.373535	
-0.374451	
-0.376282	
-0.379028	
-0.380249	
-0.380554	
-0.380249	
-0.380249	
-0.38147	
-0.382996	
-0.384216	
-0.385132	
-0.385742	
-0.386353	
-0.387573	
-0.388794	
-0.39032	
-0.392761	
-0.396423	
-0.39917	
-0.39978	
-0.397949	
-0.394897	
-0.392761	
-0.393677	
-0.397339	
-0.402222	
-0.406799	
-0.40863	
-0.408325	
-0.407715	
-0.408325	
-0.411072	
-0.413208	
-0.413818	
-0.412903	
-0.413208	
-0.414429	
-0.415039	
-0.415649	
-0.415649	
-0.417786	
-0.420532	
-0.422058	
-0.422363	
-0.421143	
-0.420837	
-0.422974	
-0.424805	
-0.42572	
-0.423279	
-0.420837	
-0.420532	
-0.421448	
-0.421448	
-0.420837	
-0.421448	
-0.424194	
-0.427856	
-0.429993	
-0.431213	
-0.430298	
-0.430298	
-0.428772	
-0.428162	
-0.428467	
-0.429382	
-0.430908	
-0.431519	
-0.432434	
-0.43335	
-0.433655	
-0.434265	
-0.437012	
-0.439758	
-0.440063	
-0.439148	
-0.439453	
-0.441284	
-0.444336	
-0.445251	
-0.443726	
-0.441895	
-0.441589	
-0.444031	
-0.447693	
-0.449524	
-0.449524	
-0.449219	
-0.451355	
-0.455627	
-0.4599	
-0.462952	
-0.462952	
-0.462341	
-0.462646	
-0.463257	
-0.463867	
-0.464172	
-0.464478	
-0.465698	
-0.467529	
-0.468445	
-0.46875	
-0.467529	
-0.466919	
-0.467834	
-0.470581	
-0.473328	
-0.474854	
-0.474854	
-0.473022	
-0.471191	
-0.471191	
-0.473633	
-0.477905	
-0.480957	
-0.481567	
-0.479736	
-0.4776	
-0.47699	
-0.479431	
-0.484009	
-0.488281	
-0.491333	
-0.491333	
-0.490723	
-0.490112	
-0.491333	
-0.493469	
-0.496216	
-0.498352	
-0.499878	
-0.501709	
-0.503845	
-0.506287	
-0.507507	
-0.50415	
-0.499573	
-0.497437	
-0.499878	
-0.505066	
-0.509033	
-0.511169	
-0.511475	
-0.513	
-0.513306	
-0.51239	
-0.51178	
-0.513	
-0.515137	
-0.516663	
-0.518188	
-0.518799	
-0.519104	
-0.518188	
-0.516663	
-0.516663	
-0.516052	
-0.516052	
-0.516357	
-0.518799	
-0.522156	
-0.524292	
-0.523682	
-0.52124	
-0.518188	
-0.516968	
-0.517273	
-0.518799	
-0.519409	
-0.519104	
-0.518188	
-0.517578	
-0.518188	
-0.519409	
-0.52002	
-0.520935	
-0.52124	
-0.521545	
-0.52063	
-0.519104	
-0.518799	
-0.520325	
-0.522156	
-0.523682	
-0.523987	
-0.523987	
-0.524292	
-0.524902	
-0.524597	
-0.523987	
-0.521851	
-0.52063	
-0.521851	
-0.524292	
-0.525513	
-0.524597	
-0.523071	
-0.523071	
-0.523071	
-0.523071	
-0.523376	
-0.524292	
-0.526428	
-0.528564	
-0.52948	
-0.529175	
-0.527649	
-0.527039	
-0.527039	
-0.528259	
-0.52948	
-0.53009	
-0.530396	
-0.53009	
-0.52948	
-0.52887	
-0.528259	
-0.527954	
-0.527954	
-0.528259	
-0.527954	
-0.528564	
-0.530701	
-0.533447	
-0.535278	
-0.535889	
-0.534668	
-0.532532	
-0.53009	
-0.528564	
-0.52887	
-0.531006	
-0.532837	
-0.535278	
-0.537415	
-0.53833	
-0.53772	
-0.535889	
-0.536194	
-0.53894	
-0.541382	
-0.541992	
-0.541077	
-0.540466	
-0.540161	
-0.540466	
-0.540161	
-0.540161	
-0.539551	
-0.539246	
-0.540771	
-0.542297	
-0.543823	
-0.544128	
-0.542908	
-0.541992	
-0.541382	
-0.541077	
-0.540466	
-0.541077	
-0.542603	
-0.543213	
-0.542297	
-0.541687	
-0.542297	
-0.544128	
-0.545349	
-0.545959	
-0.547485	
-0.549622	
-0.551453	
-0.552979	
-0.553284	
-0.552979	
-0.552979	
-0.552673	
-0.553284	
-0.553284	
-0.553284	
-0.553589	
-0.556335	
-0.559387	
-0.560608	
-0.560608	
-0.559387	
-0.559082	
-0.557251	
-0.549927	
-0.538635	
-0.527649	
-0.522766	
-0.525513	
-0.52887	
-0.529785	
-0.528259	
-0.526123	
-0.526428	
-0.527954	
-0.53009	
-0.532227	
-0.535583	
-0.541687	
-0.549622	
-0.555115	
-0.557556	
-0.557251	
-0.556335	
-0.556641	
-0.557556	
-0.557861	
-0.557556	
-0.555115	
-0.552673	
-0.550842	
-0.549622	
-0.549927	
-0.549622	
-0.548401	
-0.546875	
-0.545044	
-0.54718	
-0.550537	
-0.553589	
-0.554199	
-0.552673	
-0.550842	
-0.549622	
-0.548706	
-0.54718	
-0.54657	
-0.54718	
-0.54718	
-0.546265	
-0.544128	
-0.542603	
-0.542908	
-0.544128	
-0.545044	
-0.543823	
-0.541992	
-0.536804	
-0.52887	
-0.521545	
-0.518799	
-0.52124	
-0.525513	
-0.529175	
-0.53009	
-0.53009	
-0.528564	
-0.527344	
-0.526123	
-0.524902	
-0.524597	
-0.523987	
-0.523682	
-0.523987	
-0.523376	
-0.522461	
-0.520935	
-0.519409	
-0.519409	
-0.520325	
-0.520325	
-0.518799	
-0.515747	
-0.513	
-0.512085	
-0.51178	
-0.510254	
-0.509033	
-0.509644	
-0.512085	
-0.514221	
-0.513916	
-0.512085	
-0.509949	
-0.508118	
-0.506592	
-0.505371	
-0.503235	
-0.500793	
-0.499878	
-0.499878	
-0.501099	
-0.501404	
-0.500183	
-0.498352	
-0.496521	
-0.49469	
-0.493164	
-0.492859	
-0.492859	
-0.491943	
-0.490723	
-0.488586	
-0.488281	
-0.489502	
-0.491943	
-0.494995	
-0.496521	
-0.497131	
-0.497131	
-0.496521	
-0.495911	
-0.49469	
-0.492859	
-0.491638	
-0.490417	
-0.490112	
-0.489807	
-0.490112	
-0.490112	
-0.491028	
-0.492859	
-0.494385	
-0.494385	
-0.493164	
-0.491943	
-0.489807	
-0.487061	
-0.484009	
-0.482178	
-0.480957	
-0.479431	
-0.476685	
-0.474548	
-0.474243	
-0.475464	
-0.475769	
-0.474854	
-0.472107	
-0.469055	
-0.466309	
-0.465698	
-0.466919	
-0.46814	
-0.469055	
-0.469055	
-0.468445	
-0.468445	
-0.46936	
-0.469055	
-0.467834	
-0.465393	
-0.464172	
-0.464172	
-0.462646	
-0.460205	
-0.456543	
-0.454102	
-0.451965	
-0.451355	
-0.45105	
-0.45105	
-0.449829	
-0.449219	
-0.449219	
-0.449524	
-0.448914	
-0.447388	
-0.445862	
-0.444946	
-0.444946	
-0.445862	
-0.446167	
-0.445251	
-0.44342	
-0.4422	
-0.441589	
-0.439453	
-0.436096	
-0.433044	
-0.432129	
-0.43396	
-0.436401	
-0.437317	
-0.436096	
-0.433655	
-0.430908	
-0.429993	
-0.430603	
-0.430603	
-0.429382	
-0.427856	
-0.426941	
-0.426331	
-0.426025	
-0.4245	
-0.424194	
-0.424194	
-0.424805	
-0.42511	
-0.424194	
-0.422363	
-0.419006	
-0.416565	
-0.414734	
-0.413208	
-0.410767	
-0.407715	
-0.405579	
-0.405273	
-0.406189	
-0.407104	
-0.40741	
-0.407104	
-0.405273	
-0.403137	
-0.401611	
-0.400391	
-0.39978	
-0.398865	
-0.397339	
-0.397339	
-0.39856	
-0.401001	
-0.402832	
-0.402527	
-0.401611	
-0.400085	
-0.398865	
-0.398254	
-0.397644	
-0.395813	
-0.394287	
-0.394287	
-0.396423	
-0.39856	
-0.397339	
-0.394287	
-0.391541	
-0.391541	
-0.391846	
-0.391541	
-0.390015	
-0.388489	
-0.386658	
-0.385742	
-0.384216	
-0.382996	
-0.38208	
-0.381165	
-0.378723	
-0.376587	
-0.375671	
-0.374451	
-0.374146	
-0.372925	
-0.37323	
-0.374451	
-0.375671	
-0.376282	
-0.375671	
-0.374756	
-0.373535	
-0.371704	
-0.370789	
-0.369568	
-0.368042	
-0.365601	
-0.364075	
-0.36438	
-0.365906	
-0.366821	
-0.366821	
-0.366516	
-0.36499	
-0.363159	
-0.361023	
-0.358582	
-0.357361	
-0.356445	
-0.35614	
-0.354919	
-0.354309	
-0.353699	
-0.353394	
-0.351563	
-0.350647	
-0.349426	
-0.348511	
-0.346375	
-0.343628	
-0.342407	
-0.341492	
-0.340881	
-0.339966	
-0.339355	
-0.338745	
-0.338745	
-0.338745	
-0.33844	
-0.337219	
-0.336304	
-0.335388	
-0.334778	
-0.333252	
-0.331421	
-0.32959	
-0.328674	
-0.328674	
-0.328979	
-0.328064	
-0.325012	
-0.322876	
-0.32135	
-0.320129	
-0.318604	
-0.316467	
-0.315247	
-0.314026	
-0.31189	
-0.308533	
-0.306396	
-0.307312	
-0.308838	
-0.307922	
-0.30365	
-0.298767	
-0.295715	
-0.294189	
-0.291443	
-0.289001	
-0.287781	
-0.288086	
-0.288391	
-0.28717	
-0.284729	
-0.282288	
-0.279846	
-0.2771	
-0.274353	
-0.273132	
-0.274048	
-0.274963	
-0.274658	
-0.272827	
-0.270386	
-0.267639	
-0.264587	
-0.262146	
-0.26123	
-0.262146	
-0.262451	
-0.261536	
-0.258484	
-0.254517	
-0.251465	
-0.249329	
-0.247803	
-0.246582	
-0.243225	
-0.239258	
-0.235291	
-0.232849	
-0.231323	
-0.229797	
-0.228271	
-0.225525	
-0.222778	
-0.219421	
-0.21698	
-0.21637	
-0.215759	
-0.214844	
-0.212097	
-0.20813	
-0.206299	
-0.20813	
-0.211182	
-0.212708	
-0.211182	
-0.20813	
-0.206604	
-0.205383	
-0.203247	
-0.19989	
-0.196228	
-0.194397	
-0.193481	
-0.192261	
-0.19043	
-0.187988	
-0.185547	
-0.183105	
-0.179749	
-0.176697	
-0.175171	
-0.17395	
-0.171814	
-0.167847	
-0.162354	
-0.157776	
-0.155945	
-0.15625	
-0.15686	
-0.15625	
-0.152893	
-0.149231	
-0.14679	
-0.14679	
-0.149231	
-0.150757	
-0.150452	
-0.147705	
-0.143433	
-0.137634	
-0.133057	
-0.130615	
-0.129395	
-0.127563	
-0.125732	
-0.123596	
-0.120239	
-0.118103	
-0.115662	
-0.114136	
-0.112915	
-0.112	
-0.111084	
-0.108948	
-0.105591	
-0.103455	
-0.104065	
-0.105286	
-0.10437	
-0.102234	
-0.100708	
-0.100098	
-0.0976563	
-0.0921631	
-0.0857544	
-0.0823975	
-0.0830078	
-0.0845337	
-0.085144	
-0.083313	
-0.0817871	
-0.0802612	
-0.0790405	
-0.0765991	
-0.0747681	
-0.0723267	
-0.0701904	
-0.0671387	
-0.0643921	
-0.0619507	
-0.0604248	
-0.0598145	
-0.0579834	
-0.055542	
-0.0521851	
-0.050354	
-0.050354	
-0.0500488	
-0.0482178	
-0.0454712	
-0.0436401	
-0.043335	
-0.0436401	
-0.0427246	
-0.0411987	
-0.0393677	
-0.0363159	
-0.0320435	
-0.0268555	
-0.0228882	
-0.0219727	
-0.0219727	
-0.0222778	
-0.0216675	
-0.0195313	
-0.0164795	
-0.0125122	
-0.00854492	
-0.00640869	
-0.00396729	
-0.0012207	
0.0012207	
0.00396729	
0.00549316	
0.00793457	
0.010376	
0.0128174	
0.0152588	
0.0183105	
0.020752	
0.0228882	
0.0244141	
0.0262451	
0.0286865	
0.0311279	
0.0341797	
0.0369263	
0.039978	
0.0436401	
0.0460815	
0.0473022	
0.0473022	
0.0479126	
0.0494385	
0.0512695	
0.0531006	
0.0546265	
0.0567627	
0.0585938	
0.0604248	
0.0622559	
0.0637817	
0.0662231	
0.0686646	
0.0717163	
0.0759888	
0.0787354	
0.0805664	
0.0817871	
0.0836182	
0.085144	
0.0866699	
0.0872803	
0.0888062	
0.090332	
0.0909424	
0.0918579	
0.0939941	
0.0967407	
0.0994873	
0.100708	
0.100708	
0.100403	
0.100403	
0.101929	
0.10437	
0.106506	
0.107727	
0.107422	
0.108032	
0.109863	
0.112305	
0.115356	
0.117188	
0.118408	
0.119324	
0.120544	
0.122986	
0.125427	
0.129089	
0.131836	
0.133362	
0.134583	
0.136108	
0.138245	
0.13916	
0.13916	
0.13916	
0.140076	
0.142517	
0.144653	
0.1474	
0.149536	
0.150146	
0.150757	
0.151367	
0.152588	
0.152893	
0.153503	
0.153503	
0.154114	
0.153809	
0.154724	
0.15686	
0.161438	
0.166931	
0.169678	
0.170288	
0.169983	
0.171509	
0.174255	
0.176086	
0.177917	
0.180969	
0.186462	
0.19104	
0.192871	
0.192566	
0.192871	
0.195007	
0.197449	
0.200195	
0.202026	
0.202637	
0.202942	
0.203247	
0.204163	
0.205688	
0.20813	
0.210266	
0.212097	
0.213623	
0.215454	
0.215454	
0.215454	
0.21637	
0.217896	
0.219421	
0.219421	
0.219421	
0.222168	
0.225525	
0.228577	
0.229797	
0.229492	
0.229492	
0.230713	
0.232849	
0.235291	
0.237732	
0.241699	
0.245667	
0.247498	
0.247498	
0.248413	
0.250854	
0.25177	
0.250549	
0.249634	
0.25116	
0.253601	
0.254822	
0.254822	
0.254517	
0.254822	
0.255127	
0.255737	
0.255432	
0.256348	
0.258179	
0.26123	
0.263062	
0.264282	
0.265198	
0.266113	
0.266113	
0.263977	
0.261841	
0.26123	
0.261841	
0.263367	
0.263977	
0.263977	
0.263977	
0.263367	
0.263977	
0.264893	
0.267029	
0.26825	
0.26886	
0.268555	
0.26825	
0.26825	
0.26825	
0.270386	
0.273438	
0.276184	
0.276794	
0.275879	
0.276489	
0.277405	
0.279846	
0.281372	
0.281067	
0.279236	
0.27771	
0.278625	
0.280762	
0.282898	
0.283813	
0.283203	
0.282898	
0.282288	
0.281372	
0.281067	
0.279541	
0.279846	
0.280762	
0.283203	
0.285645	
0.287476	
0.288391	
0.288696	
0.288696	
0.290527	
0.293579	
0.296326	
0.297241	
0.296326	
0.295715	
0.296021	
0.296631	
0.297546	
0.298462	
0.300293	
0.302124	
0.302429	
0.300598	
0.298462	
0.296021	
0.294189	
0.292969	
0.292053	
0.292664	
0.292969	
0.292664	
0.291748	
0.291138	
0.292053	
0.292358	
0.292664	
0.293274	
0.294189	
0.295105	
0.295715	
0.296326	
0.297852	
0.299072	
0.300293	
0.300293	
0.298157	
0.296021	
0.295105	
0.296021	
0.297546	
0.296631	
0.296326	
0.296936	
0.298462	
0.298767	
0.297852	
0.297241	
0.296021	
0.295105	
0.292664	
0.292053	
0.292053	
0.292053	
0.292358	
0.292053	
0.291748	
0.290833	
0.288391	
0.286865	
0.28595	
0.28656	
0.287781	
0.289001	
0.289612	
0.289307	
0.288086	
0.287476	
0.288696	
0.291443	
0.293579	
0.293579	
0.293274	
0.294189	
0.2948	
0.294189	
0.291748	
0.290222	
0.290527	
0.291748	
0.291138	
0.288391	
0.28717	
0.289001	
0.291443	
0.291748	
0.288696	
0.286865	
0.287781	
0.288696	
0.290222	
0.291748	
0.292053	
0.291443	
0.289307	
0.288391	
0.289612	
0.290833	
0.291138	
0.290833	
0.290527	
0.289001	
0.288086	
0.287476	
0.288086	
0.288391	
0.288086	
0.28717	
0.285645	
0.285034	
0.285034	
0.285339	
0.283813	
0.279541	
0.274963	
0.272217	
0.272522	
0.274048	
0.274658	
0.273743	
0.272217	
0.26947	
0.267334	
0.267944	
0.271606	
0.275574	
0.276794	
0.274658	
0.271606	
0.270386	
0.270386	
0.270386	
0.270691	
0.273743	
0.280151	
0.286865	
0.288696	
0.285339	
0.281982	
0.281982	
0.282898	
0.283203	
0.282593	
0.281982	
0.281677	
0.280457	
0.280762	
0.281372	
0.281982	
0.281677	
0.281372	
0.281067	
0.279846	
0.276794	
0.274048	
0.273438	
0.273132	
0.273132	
0.270996	
0.26886	
0.267334	
0.264893	
0.263367	
0.261841	
0.261536	
0.261536	
0.260315	
0.259094	
0.257874	
0.257874	
0.256958	
0.255127	
0.252991	
0.250549	
0.248718	
0.248108	
0.248413	
0.249634	
0.250244	
0.250244	
0.250549	
0.250549	
0.250854	
0.250244	
0.249329	
0.247192	
0.245361	
0.244751	
0.245361	
0.245056	
0.245361	
0.246277	
0.248413	
0.247803	
0.244751	
0.241394	
0.240173	
0.240479	
0.241699	
0.24231	
0.24231	
0.241699	
0.240784	
0.239563	
0.236816	
0.232849	
0.231018	
0.231323	
0.232544	
0.231934	
0.230103	
0.228577	
0.228271	
0.228882	
0.229797	
0.229492	
0.228271	
0.227356	
0.227356	
0.227966	
0.228271	
0.227966	
0.228882	
0.228882	
0.228577	
0.227661	
0.226135	
0.22583	
0.224609	
0.223083	
0.222778	
0.223999	
0.226135	
0.226135	
0.223694	
0.220337	
0.218201	
0.218201	
0.220337	
0.223083	
0.224304	
0.223999	
0.222778	
0.220947	
0.218506	
0.216064	
0.213928	
0.213928	
0.214844	
0.215454	
0.215149	
0.214233	
0.214844	
0.215759	
0.215149	
0.212708	
0.210876	
0.209045	
0.205383	
0.19928	
0.195618	
0.196228	
0.198364	
0.2005	
0.201111	
0.202332	
0.203247	
0.204163	
0.205994	
0.207214	
0.207214	
0.206299	
0.204773	
0.203247	
0.202637	
0.201721	
0.201416	
0.201111	
0.200806	
0.200806	
0.201111	
0.201111	
0.2005	
0.19989	
0.19928	
0.19928	
0.199585	
0.2005	
0.200806	
0.201416	
0.201111	
0.201111	
0.202332	
0.204773	
0.207825	
0.209656	
0.209045	
0.20874	
0.209045	
0.210266	
0.211487	
0.211182	
0.212097	
0.214844	
0.219421	
0.221863	
0.220337	
0.21759	
0.217285	
0.219727	
0.221863	
0.222473	
0.221558	
0.222168	
0.223694	
0.224609	
0.224304	
0.223694	
0.223389	
0.223999	
0.224609	
0.227051	
0.229797	
0.231323	
0.230103	
0.228577	
0.227356	
0.226746	
0.226135	
0.226135	
0.227356	
0.228577	
0.229187	
0.228271	
0.226135	
0.224609	
0.223999	
0.22583	
0.227661	
0.229187	
0.230103	
0.230408	
0.230713	
0.231628	
0.233154	
0.234375	
0.234985	
0.234985	
0.235901	
0.236816	
0.237122	
0.236816	
0.237732	
0.239258	
0.241394	
0.24231	
0.241699	
0.241699	
0.242615	
0.244141	
0.244446	
0.244446	
0.244446	
0.245056	
0.245361	
0.245667	
0.246887	
0.249939	
0.253296	
0.255432	
0.255737	
0.254822	
0.254822	
0.255737	
0.256348	
0.256653	
0.256958	
0.257263	
0.256653	
0.254517	
0.252075	
0.251465	
0.253296	
0.256348	
0.258179	
0.258484	
0.257874	
0.257568	
0.258179	
0.26001	
0.260315	
0.260925	
0.260315	
0.260315	
0.259705	
0.26001	
0.261841	
0.264282	
0.267639	
0.268555	
0.268555	
0.267944	
0.267334	
0.267944	
0.268555	
0.271301	
0.273743	
0.276794	
0.279236	
0.280457	
0.280457	
0.278625	
0.277405	
0.27832	
0.281372	
0.285645	
0.289001	
0.289612	
0.289917	
0.289917	
0.291443	
0.293274	
0.296021	
0.298767	
0.300598	
0.301208	
0.301819	
0.30304	
0.305176	
0.307617	
0.309143	
0.310974	
0.31311	
0.317383	
0.32135	
0.323792	
0.324402	
0.324402	
0.325317	
0.326538	
0.327148	
0.328064	
0.329285	
0.331726	
0.332947	
0.333862	
0.335999	
0.339661	
0.343628	
0.345764	
0.34729	
0.349121	
0.352783	
0.356445	
0.360107	
0.364075	
0.368042	
0.371399	
0.37384	
0.374451	
0.374451	
0.374451	
0.374146	
0.374146	
0.375671	
0.378418	
0.38208	
0.385437	
0.386658	
0.387268	
0.388794	
0.391235	
0.393372	
0.394897	
0.395508	
0.395813	
0.396118	
0.397034	
0.398865	
0.402222	
0.404663	
0.405884	
0.406494	
0.406799	
0.406189	
0.405884	
0.405884	
0.407104	
0.408325	
0.409851	
0.411377	
0.413818	
0.41626	
0.420837	
0.4245	
0.426636	
0.42511	
0.423279	
0.423584	
0.427856	
0.433655	
0.437317	
0.437622	
0.435791	
0.435181	
0.436401	
0.438843	
0.441284	
0.443726	
0.445862	
0.445862	
0.444336	
0.443726	
0.445251	
0.447998	
0.45166	
0.455017	
0.457458	
0.458679	
0.458069	
0.458679	
0.4599	
0.461121	
0.461731	
0.462036	
0.462646	
0.462646	
0.462341	
0.462036	
0.463867	
0.466919	
0.46936	
0.471191	
0.471802	
0.472412	
0.473633	
0.474548	
0.475464	
0.476685	
0.479126	
0.481262	
0.482483	
0.483704	
0.486145	
0.489502	
0.492859	
0.493774	
0.494385	
0.495605	
0.496826	
0.498657	
0.501099	
0.502625	
0.503845	
0.504456	
0.506897	
0.509644	
0.510559	
0.509033	
0.506897	
0.505676	
0.506592	
0.508423	
0.509338	
0.509033	
0.509338	
0.509949	
0.512085	
0.513306	
0.514221	
0.515137	
0.516968	
0.519104	
0.520325	
0.520935	
0.521545	
0.521851	
0.521851	
0.520325	
0.519409	
0.520935	
0.524292	
0.527039	
0.527039	
0.525208	
0.525513	
0.526123	
0.527649	
0.527344	
0.526428	
0.526428	
0.527039	
0.530396	
0.531921	
0.527649	
0.519714	
0.515442	
0.519104	
0.524902	
0.526428	
0.524597	
0.523682	
0.524292	
0.525208	
0.525513	
0.527039	
0.529175	
0.53009	
0.529175	
0.527039	
0.525818	
0.524902	
0.524597	
0.524597	
0.525208	
0.526428	
0.527039	
0.527649	
0.527954	
0.529175	
0.52887	
0.528564	
0.52887	
0.532227	
0.53833	
0.545349	
0.548096	
0.547485	
0.545349	
0.544128	
0.544128	
0.545044	
0.544434	
0.543518	
0.542297	
0.542297	
0.544128	
0.546265	
0.547791	
0.548096	
0.546875	
0.543823	
0.541382	
0.541382	
0.544739	
0.547791	
0.549316	
0.549316	
0.550232	
0.552063	
0.552979	
0.552063	
0.552368	
0.553589	
0.556335	
0.558777	
0.559692	
0.559692	
0.559387	
0.558472	
0.556946	
0.55542	
0.554199	
0.554504	
0.555725	
0.558472	
0.561523	
0.563049	
0.562744	
0.561218	
0.560913	
0.561829	
0.56366	
0.566101	
0.568237	
0.568848	
0.566711	
0.56366	
0.562134	
0.561829	
0.561829	
0.559387	
0.557251	
0.557251	
0.559387	
0.560913	
0.560913	
0.560913	
0.561523	
0.562439	
0.563049	
0.562744	
0.562134	
0.561523	
0.561523	
0.561829	
0.561829	
0.561218	
0.560913	
0.560608	
0.560608	
0.559998	
0.558472	
0.557556	
0.558167	
0.559998	
0.562134	
0.562134	
0.562134	
0.562744	
0.564575	
0.567322	
0.569153	
0.569153	
0.568237	
0.566711	
0.566711	
0.567322	
0.567627	
0.569763	
0.576172	
0.588074	
0.602417	
0.615234	
0.62561	
0.63385	
0.639648	
0.64209	
0.639343	
0.635376	
0.632629	
0.633545	
0.635681	
0.637817	
0.638733	
0.638123	
0.637512	
0.637512	
0.637817	
0.637512	
0.636292	
0.63385	
0.631714	
0.630798	
0.630798	
0.631714	
0.632629	
0.63324	
0.63385	
0.63446	
0.63446	
0.63324	
0.630798	
0.627441	
0.62439	
0.623169	
0.623779	
0.625	
0.625305	
0.62561	
0.626526	
0.626831	
0.625305	
0.621338	
0.618286	
0.617371	
0.617981	
0.617676	
0.61676	
0.614929	
0.613708	
0.612793	
0.612793	
0.612488	
0.612488	
0.612793	
0.612793	
0.610962	
0.6073	
0.604248	
0.602722	
0.602417	
0.601196	
0.600586	
0.600281	
0.601807	
0.602417	
0.601501	
0.599976	
0.597229	
0.595093	
0.594177	
0.593567	
0.593567	
0.591736	
0.588379	
0.585632	
0.584412	
0.584106	
0.583801	
0.583191	
0.582886	
0.582275	
0.581665	
0.58075	
0.580139	
0.578918	
0.578613	
0.578613	
0.578918	
0.578003	
0.575867	
0.57312	
0.571899	
0.570984	
0.569763	
0.568237	
0.566101	
0.56366	
0.562439	
0.561218	
0.560303	
0.558167	
0.556335	
0.555115	
0.55481	
0.55542	
0.555725	
0.55542	
0.554199	
0.553589	
0.552368	
0.550537	
0.548096	
0.545959	
0.543518	
0.541687	
0.539551	
0.53833	
0.538635	
0.539246	
0.53894	
0.537415	
0.536194	
0.535278	
0.534058	
0.533142	
0.532837	
0.532532	
0.531616	
0.530396	
0.529785	
0.528259	
0.526123	
0.523987	
0.522766	
0.521851	
0.519714	
0.516663	
0.51178	
0.508423	
0.511475	
0.519104	
0.528259	
0.532532	
0.532837	
0.530701	
0.526733	
0.520325	
0.516052	
0.515747	
0.517578	
0.520325	
0.52124	
0.52124	
0.520325	
0.52002	
0.52063	
0.52124	
0.520935	
0.519714	
0.518799	
0.518188	
0.516052	
0.513916	
0.51239	
0.512695	
0.513916	
0.51239	
0.509338	
0.506897	
0.505676	
0.505676	
0.505066	
0.50354	
0.501709	
0.500793	
0.500183	
0.499268	
0.497437	
0.495605	
0.493774	
0.493469	
0.492859	
0.492249	
0.491943	
0.490723	
0.489197	
0.486145	
0.484619	
0.484009	
0.484619	
0.485535	
0.486145	
0.48645	
0.483398	
0.478821	
0.474548	
0.473328	
0.475159	
0.4776	
0.4776	
0.475769	
0.473633	
0.471497	
0.470276	
0.469055	
0.468445	
0.469055	
0.470276	
0.471497	
0.471802	
0.471191	
0.46936	
0.46814	
0.467529	
0.467834	
0.467224	
0.466919	
0.466003	
0.465088	
0.463562	
0.461731	
0.459595	
0.457764	
0.455933	
0.454712	
0.454407	
0.454712	
0.454102	
0.452271	
0.449524	
0.447083	
0.444946	
0.44281	
0.440674	
0.439453	
0.440063	
0.440979	
0.441284	
0.440063	
0.437622	
0.43457	
0.431824	
0.429382	
0.427856	
0.428467	
0.429688	
0.430298	
0.427856	
0.424194	
0.420837	
0.419312	
0.418091	
0.417786	
0.41687	
0.415649	
0.414429	
0.413513	
0.411987	
0.408936	
0.405273	
0.402832	
0.401611	
0.400696	
0.399475	
0.398254	
0.396423	
0.393372	
0.389404	
0.385742	
0.385132	
0.387573	
0.389709	
0.39032	
0.389099	
0.386658	
0.385132	
0.383911	
0.383301	
0.381775	
0.378418	
0.375366	
0.374756	
0.374756	
0.372925	
0.369568	
0.366516	
0.366211	
0.367126	
0.366821	
0.365295	
0.362549	
0.359497	
0.35675	
0.354004	
0.350647	
0.347595	
0.344849	
0.342712	
0.341492	
0.340881	
0.339355	
0.33783	
0.335693	
0.334473	
0.333862	
0.332947	
0.330811	
0.327759	
0.325317	
0.323792	
0.322571	
0.32074	
0.319824	
0.32135	
0.322266	
0.314026	
0.293579	
0.26947	
0.25238	
0.247192	
0.246887	
0.244751	
0.239258	
0.233154	
0.228882	
0.226135	
0.222778	
0.218506	
0.215454	
0.213318	
0.211792	
0.20874	
0.204773	
0.202332	
0.201416	
0.202026	
0.202026	
0.2005	
0.198059	
0.194397	
0.190735	
0.187988	
0.187683	
0.189514	
0.19043	
0.188599	
0.184631	
0.180054	
0.177917	
0.176086	
0.173645	
0.170288	
0.167542	
0.166321	
0.165405	
0.162964	
0.158386	
0.154114	
0.151367	
0.149231	
0.14679	
0.143433	
0.140381	
0.137329	
0.135193	
0.133667	
0.131531	
0.129089	
0.126038	
0.123291	
0.120544	
0.117798	
0.116272	
0.117188	
0.119019	
0.118713	
0.114746	
0.108948	
0.10498	
0.10376	
0.10437	
0.105591	
0.105286	
0.10437	
0.102844	
0.100708	
0.0973511	
0.0942993	
0.0918579	
0.0897217	
0.0875854	
0.0842285	
0.0808716	
0.0778198	
0.0769043	
0.0772095	
0.0759888	
0.0732422	
0.0692749	
0.0665283	
0.065918	
0.0643921	
0.0610352	
0.0570679	
0.0527954	
0.050354	
0.0476074	
0.0442505	
0.0405884	
0.038147	
0.0372314	
0.0378418	
0.0384521	
0.038147	
0.0350952	
0.0311279	
0.0262451	
0.0222778	
0.0195313	
0.0186157	
0.0177002	
0.0170898	
0.0158691	
0.0134277	
0.00946045	
0.00549316	
0.00274658	
0.00152588	
-0.000305176	
-0.00335693	
-0.00640869	
-0.00854492	
-0.00946045	
-0.0115967	
-0.0140381	
-0.0161743	
-0.0177002	
-0.0192261	
-0.0231934	
-0.0283813	
-0.0320435	
-0.0332642	
-0.0338745	
-0.03479	
-0.038147	
-0.0408936	
-0.0415039	
-0.0415039	
-0.0421143	
-0.0448608	
-0.0485229	
-0.0515747	
-0.0549316	
-0.0582886	
-0.0613403	
-0.0637817	
-0.0662231	
-0.0683594	
-0.0708008	
-0.0732422	
-0.0747681	
-0.0756836	
-0.0772095	
-0.0793457	
-0.0830078	
-0.0860596	
-0.0888062	
-0.0906372	
-0.0933838	
-0.0976563	
-0.101318	
-0.104675	
-0.105286	
-0.105896	
-0.107422	
-0.109558	
-0.112915	
-0.114441	
-0.115662	
-0.116882	
-0.119629	
-0.122375	
-0.124817	
-0.126343	
-0.127258	
-0.1297	
-0.131531	
-0.133667	
-0.133972	
-0.133972	
-0.135498	
-0.137634	
-0.139465	
-0.140381	
-0.141602	
-0.144653	
-0.148315	
-0.150146	
-0.151062	
-0.153198	
-0.157471	
-0.162048	
-0.165405	
-0.167847	
-0.169373	
-0.171204	
-0.170288	
-0.168762	
-0.168762	
-0.171509	
-0.176086	
-0.180359	
-0.184326	
-0.187683	
-0.189819	
-0.189209	
-0.189209	
-0.19165	
-0.195618	
-0.198669	
-0.198975	
-0.198669	
-0.198975	
-0.2005	
-0.202026	
-0.203247	
-0.203247	
-0.202332	
-0.202332	
-0.202332	
-0.201416	
-0.200195	
-0.200806	
-0.203857	
-0.206909	
-0.20874	
-0.209351	
-0.209961	
-0.210266	
-0.209961	
-0.211182	
-0.213013	
-0.214844	
-0.215149	
-0.214233	
-0.213318	
-0.213318	
-0.213928	
-0.214233	
-0.214233	
-0.214233	
-0.215149	
-0.216675	
-0.217285	
-0.216675	
-0.216675	
-0.218201	
-0.220642	
-0.223694	
-0.226135	
-0.229797	
-0.231628	
-0.230408	
-0.226746	
-0.224609	
-0.226746	
-0.230103	
-0.232239	
-0.234375	
-0.235901	
-0.235596	
-0.234375	
-0.233765	
-0.236511	
-0.240479	
-0.243225	
-0.245056	
-0.247803	
-0.250854	
-0.252686	
-0.253601	
-0.253296	
-0.254211	
-0.253906	
-0.252686	
-0.250854	
-0.250244	
-0.250549	
-0.252075	
-0.253296	
-0.255737	
-0.258484	
-0.26123	
-0.263062	
-0.263672	
-0.263977	
-0.265808	
-0.267029	
-0.267944	
-0.26825	
-0.26886	
-0.269165	
-0.269165	
-0.26886	
-0.26947	
-0.270996	
-0.271606	
-0.271301	
-0.270081	
-0.26825	
-0.267334	
-0.267334	
-0.26886	
-0.271912	
-0.275269	
-0.27771	
-0.278625	
-0.279236	
-0.280457	
-0.281982	
-0.284424	
-0.28595	
-0.287781	
-0.288391	
-0.288696	
-0.289001	
-0.289917	
-0.290222	
-0.289917	
-0.288391	
-0.287781	
-0.288086	
-0.289612	
-0.290527	
-0.291138	
-0.290833	
-0.290833	
-0.290527	
-0.289612	
-0.288696	
-0.287781	
-0.287781	
-0.287476	
-0.288086	
-0.288696	
-0.288391	
-0.288391	
-0.287781	
-0.288696	
-0.289307	
-0.289307	
-0.289001	
-0.288696	
-0.288696	
-0.287781	
-0.28656	
-0.285034	
-0.284119	
-0.283508	
-0.284119	
-0.285339	
-0.28656	
-0.286865	
-0.285645	
-0.284729	
-0.283508	
-0.282593	
-0.282593	
-0.283203	
-0.282593	
-0.279541	
-0.275879	
-0.273132	
-0.272827	
-0.272217	
-0.271912	
-0.271912	
-0.273132	
-0.275269	
-0.2771	
-0.27771	
-0.27771	
-0.277405	
-0.27771	
-0.278015	
-0.278625	
-0.278625	
-0.279236	
-0.279846	
-0.280457	
-0.281372	
-0.281677	
-0.281067	
-0.279236	
-0.276794	
-0.274963	
-0.273132	
-0.272217	
-0.271301	
-0.26947	
-0.267639	
-0.265808	
-0.264282	
-0.263367	
-0.262146	
-0.26123	
-0.261536	
-0.262756	
-0.264587	
-0.265198	
-0.264282	
-0.261536	
-0.258789	
-0.256958	
-0.256958	
-0.258484	
-0.260925	
-0.262756	
-0.263062	
-0.261841	
-0.259705	
-0.257263	
-0.256348	
-0.255737	
-0.255737	
-0.254517	
-0.25238	
-0.25116	
-0.251465	
-0.253296	
-0.255432	
-0.256958	
-0.257874	
-0.258789	
-0.258179	
-0.255737	
-0.253296	
-0.252686	
-0.253296	
-0.253601	
-0.252686	
-0.251465	
-0.250854	
-0.250244	
-0.249329	
-0.247192	
-0.245056	
-0.243225	
-0.242615	
-0.243225	
-0.244141	
-0.245056	
-0.244751	
-0.24292	
-0.241394	
-0.240173	
-0.240173	
-0.240784	
-0.240784	
-0.238953	
-0.237427	
-0.235596	
-0.23468	
-0.234375	
-0.233765	
-0.233459	
-0.233459	
-0.231934	
-0.230408	
-0.229797	
-0.229797	
-0.228577	
-0.22644	
-0.223999	
-0.223389	
-0.223999	
-0.223694	
-0.222778	
-0.220947	
-0.218811	
-0.217285	
-0.21637	
-0.21698	
-0.218811	
-0.220947	
-0.222473	
-0.222168	
-0.222473	
-0.223999	
-0.226135	
-0.22644	
-0.22522	
-0.224304	
-0.224915	
-0.225525	
-0.22583	
-0.226135	
-0.227356	
-0.227661	
-0.224915	
-0.220337	
-0.21698	
-0.21698	
-0.21759	
-0.218506	
-0.219116	
-0.220642	
-0.220642	
-0.218506	
-0.215759	
-0.213318	
-0.211792	
-0.209961	
-0.20813	
-0.207825	
-0.209045	
-0.210571	
-0.210876	
-0.211182	
-0.211487	
-0.212097	
-0.213013	
-0.213013	
-0.213318	
-0.213013	
-0.213013	
-0.213318	
-0.213318	
-0.213623	
-0.213013	
-0.213013	
-0.213318	
-0.212708	
-0.211792	
-0.211487	
-0.212097	
-0.212402	
-0.211487	
-0.209351	
-0.207825	
-0.20752	
-0.208435	
-0.210571	
-0.212097	
-0.211182	
-0.209045	
-0.20813	
-0.209656	
-0.211487	
-0.212097	
-0.211792	
-0.212097	
-0.214844	
-0.21698	
-0.217896	
-0.216675	
-0.215149	
-0.215454	
-0.216064	
-0.216064	
-0.216064	
-0.215149	
-0.215454	
-0.216064	
-0.216675	
-0.217285	
-0.21698	
-0.21637	
-0.214233	
-0.212097	
-0.209351	
-0.207214	
-0.206299	
-0.206604	
-0.207825	
-0.207214	
-0.206299	
-0.205688	
-0.206604	
-0.207214	
-0.207214	
-0.205994	
-0.205078	
-0.203857	
-0.202637	
-0.2005	
-0.198059	
-0.196533	
-0.195618	
-0.195007	
-0.194702	
-0.194702	
-0.194092	
-0.192566	
-0.191956	
-0.19165	
-0.19165	
-0.19165	
-0.19165	
-0.191956	
-0.19165	
-0.19165	
-0.191956	
-0.192261	
-0.19104	
-0.19104	
-0.194092	
-0.198059	
-0.198364	
-0.194397	
-0.190735	
-0.190125	
-0.191345	
-0.19165	
-0.19165	
-0.192566	
-0.193176	
-0.192871	
-0.191345	
-0.19104	
-0.192566	
-0.195313	
-0.197754	
-0.199585	
-0.19989	
-0.198059	
-0.196533	
-0.196533	
-0.198059	
-0.200806	
-0.202942	
-0.204773	
-0.205688	
-0.205078	
-0.204163	
-0.203857	
-0.204163	
-0.204773	
-0.205688	
-0.206909	
-0.20752	
-0.206604	
-0.204468	
-0.202942	
-0.202637	
-0.203857	
-0.205078	
-0.206604	
-0.20813	
-0.208435	
-0.209045	
-0.209656	
-0.211182	
-0.213013	
-0.214233	
-0.215149	
-0.215454	
-0.215454	
-0.214844	
-0.215454	
-0.216675	
-0.216675	
-0.216675	
-0.222473	
-0.232544	
-0.240479	
-0.242004	
-0.238953	
-0.237732	
-0.239868	
-0.242004	
-0.243225	
-0.24353	
-0.243225	
-0.242615	
-0.243835	
-0.245972	
-0.247498	
-0.247498	
-0.246582	
-0.246582	
-0.248108	
-0.250854	
-0.252991	
-0.255127	
-0.256958	
-0.259094	
-0.260925	
-0.262451	
-0.263062	
-0.263977	
-0.265503	
-0.26825	
-0.270996	
-0.274048	
-0.275574	
-0.269775	
-0.259094	
-0.249023	
-0.248108	
-0.253601	
-0.257874	
-0.258484	
-0.257568	
-0.257874	
-0.259399	
-0.26062	
-0.26062	
-0.26001	
-0.26001	
-0.259399	
-0.259094	
-0.259094	
-0.259094	
-0.259399	
-0.258789	
-0.257568	
-0.257263	
-0.258484	
-0.259399	
-0.259705	
-0.259094	
-0.260315	
-0.263062	
-0.266418	
-0.269165	
-0.272217	
-0.274353	
-0.276184	
-0.278015	
-0.280762	
-0.283813	
-0.28717	
-0.289612	
-0.291138	
-0.292053	
-0.292053	
-0.292969	
-0.295715	
-0.299377	
-0.301514	
-0.302429	
-0.301514	
-0.301208	
-0.301514	
-0.302429	
-0.304871	
-0.307922	
-0.310669	
-0.3125	
-0.31311	
-0.312805	
-0.3125	
-0.312805	
-0.314331	
-0.316162	
-0.317688	
-0.319519	
-0.321045	
-0.321655	
-0.320435	
-0.318909	
-0.316772	
-0.316467	
-0.316467	
-0.317078	
-0.317993	
-0.319519	
-0.322571	
-0.325623	
-0.327759	
-0.328064	
-0.327759	
-0.327454	
-0.326843	
-0.326843	
-0.328064	
-0.331116	
-0.335083	
-0.33844	
-0.340881	
-0.342407	
-0.343323	
-0.344543	
-0.346985	
-0.349121	
-0.350037	
-0.350647	
-0.351868	
-0.354004	
-0.354614	
-0.354004	
-0.353088	
-0.353699	
-0.35553	
-0.357666	
-0.359192	
-0.360718	
-0.361938	
-0.360718	
-0.357971	
-0.354919	
-0.353699	
-0.35614	
-0.359192	
-0.361633	
-0.362854	
-0.363464	
-0.363464	
-0.364075	
-0.36499	
-0.369568	
-0.375671	
-0.382385	
-0.387268	
-0.39032	
-0.391541	
-0.390625	
-0.390015	
-0.390015	
-0.39093	
-0.391846	
-0.392151	
-0.393982	
-0.396118	
-0.397339	
-0.397644	
-0.39856	
-0.400696	
-0.403442	
-0.405579	
-0.408325	
-0.411377	
-0.414734	
-0.417175	
-0.418396	
-0.419006	
-0.418701	
-0.418396	
-0.419006	
-0.420227	
-0.420837	
-0.420837	
-0.419922	
-0.419617	
-0.420837	
-0.423889	
-0.426331	
-0.427551	
-0.427551	
-0.427856	
-0.429688	
-0.431824	
-0.431824	
-0.430298	
-0.429688	
-0.431519	
-0.43335	
-0.434875	
-0.435181	
-0.435791	
-0.436707	
-0.438232	
-0.440369	
-0.442505	
-0.444641	
-0.446777	
-0.448914	
-0.449524	
-0.449829	
-0.450745	
-0.452881	
-0.454102	
-0.454407	
-0.455322	
-0.458374	
-0.462036	
-0.464478	
-0.465698	
-0.466003	
-0.466003	
-0.467224	
-0.469971	
-0.473938	
-0.475159	
-0.473328	
-0.469666	
-0.46875	
-0.470886	
-0.474854	
-0.478821	
-0.480957	
-0.482178	
-0.483093	
-0.484314	
-0.486755	
-0.488586	
-0.489502	
-0.489197	
-0.488586	
-0.488892	
-0.490417	
-0.492249	
-0.493774	
-0.4953	
-0.496826	
-0.497742	
-0.498047	
-0.497131	
-0.495911	
-0.494995	
-0.4953	
-0.496826	
-0.498962	
-0.500488	
-0.501709	
-0.501709	
-0.501099	
-0.500488	
-0.501099	
-0.50354	
-0.505676	
-0.505676	
-0.505066	
-0.506287	
-0.508728	
-0.511169	
-0.511169	
-0.509644	
-0.507202	
-0.506287	
-0.507202	
-0.509644	
-0.512085	
-0.513916	
-0.515747	
-0.517883	
-0.519104	
-0.52063	
-0.522766	
-0.524292	
-0.524902	
-0.524292	
-0.524597	
-0.526123	
-0.52887	
-0.531616	
-0.533447	
-0.533447	
-0.532837	
-0.532532	
-0.531921	
-0.531006	
-0.530396	
-0.52948	
-0.529785	
-0.530701	
-0.531006	
-0.530701	
-0.531006	
-0.531311	
-0.532837	
-0.534668	
-0.534973	
-0.534363	
-0.532837	
-0.532532	
-0.534058	
-0.535278	
-0.535889	
-0.535278	
-0.534973	
-0.535278	
-0.535278	
-0.534668	
-0.534058	
-0.534058	
-0.534668	
-0.535278	
-0.536194	
-0.537109	
-0.536499	
-0.535278	
-0.533752	
-0.533447	
-0.534363	
-0.535278	
-0.535889	
-0.536194	
-0.536499	
-0.536804	
-0.536194	
-0.536499	
-0.537109	
-0.537109	
-0.537109	
-0.53772	
-0.539246	
-0.539856	
-0.539856	
-0.540771	
-0.541687	
-0.542603	
-0.541992	
-0.541077	
-0.540771	
-0.541382	
-0.542297	
-0.543823	
-0.544434	
-0.543823	
-0.543213	
-0.541687	
-0.539551	
-0.53772	
-0.537109	
-0.53772	
-0.53833	
-0.539246	
-0.540466	
-0.542908	
-0.545044	
-0.547791	
-0.549927	
-0.550842	
-0.549011	
-0.545959	
-0.543823	
-0.543518	
-0.545044	
-0.546875	
-0.547791	
-0.547791	
-0.54718	
-0.54718	
-0.547791	
-0.547791	
-0.549316	
-0.551758	
-0.554504	
-0.555725	
-0.555115	
-0.553894	
-0.552673	
-0.553284	
-0.55542	
-0.558472	
-0.560608	
-0.562439	
-0.563354	
-0.563354	
-0.562134	
-0.560913	
-0.560913	
-0.562134	
-0.563965	
-0.565491	
-0.565491	
-0.56488	
-0.56366	
-0.561829	
-0.560608	
-0.559998	
-0.560913	
-0.563354	
-0.564575	
-0.564575	
-0.562744	
-0.563049	
-0.564575	
-0.566406	
-0.567322	
-0.567627	
-0.569153	
-0.570374	
-0.570679	
-0.570068	
-0.569763	
-0.568542	
-0.569458	
-0.570679	
-0.572815	
-0.574341	
-0.574951	
-0.575562	
-0.577087	
-0.579529	
-0.58075	
-0.58075	
-0.579224	
-0.578613	
-0.580139	
-0.582886	
-0.584412	
-0.583801	
-0.582581	
-0.58136	
-0.58136	
-0.58136	
-0.58136	
-0.581665	
-0.58136	
-0.581055	
-0.58075	
-0.581055	
-0.58197	
-0.583496	
-0.584106	
-0.585327	
-0.587463	
-0.589905	
-0.591431	
-0.591736	
-0.591736	
-0.59082	
-0.588989	
-0.587769	
-0.588379	
-0.59021	
-0.592346	
-0.592957	
-0.592651	
-0.591736	
-0.591125	
-0.591736	
-0.592957	
-0.593567	
-0.592957	
-0.591736	
-0.5896	
-0.588379	
-0.587158	
-0.586243	
-0.585327	
-0.582886	
-0.58075	
-0.579224	
-0.579834	
-0.579529	
-0.579529	
-0.578308	
-0.577393	
-0.574951	
-0.57251	
-0.570984	
-0.571289	
-0.57251	
-0.572815	
-0.569153	
-0.562439	
-0.556335	
-0.55481	
-0.557861	
-0.560913	
-0.562439	
-0.562134	
-0.562439	
-0.562744	
-0.562439	
-0.561218	
-0.558472	
-0.55603	
-0.555115	
-0.55542	
-0.556335	
-0.556335	
-0.555725	
-0.555725	
-0.555115	
-0.553894	
-0.552673	
-0.552673	
-0.553894	
-0.555725	
-0.557251	
-0.559387	
-0.560913	
-0.560913	
-0.559082	
-0.556641	
-0.555115	
-0.554504	
-0.553284	
-0.551453	
-0.549011	
-0.547485	
-0.54657	
-0.546875	
-0.547485	
-0.548096	
-0.54718	
-0.546265	
-0.545044	
-0.544128	
-0.542908	
-0.541992	
-0.541077	
-0.539856	
-0.53894	
-0.539856	
-0.542908	
-0.548096	
-0.549927	
-0.548706	
-0.546265	
-0.545349	
-0.545349	
-0.545959	
-0.546875	
-0.547791	
-0.549316	
-0.549316	
-0.549011	
-0.548096	
-0.545959	
-0.543823	
-0.542297	
-0.543213	
-0.545044	
-0.54657	
-0.54718	
-0.547791	
-0.548401	
-0.546875	
-0.543518	
-0.540161	
-0.537415	
-0.536499	
-0.536804	
-0.53833	
-0.540466	
-0.541687	
-0.541687	
-0.540161	
-0.53894	
-0.537415	
-0.536804	
-0.536194	
-0.537109	
-0.539246	
-0.541382	
-0.541992	
-0.541077	
-0.539856	
-0.538635	
-0.537415	
-0.536499	
-0.534973	
-0.535583	
-0.536804	
-0.53772	
-0.536499	
-0.534363	
-0.533142	
-0.533447	
-0.533752	
-0.532837	
-0.531311	
-0.529785	
-0.52948	
-0.529785	
-0.529175	
-0.527344	
-0.525208	
-0.523987	
-0.523682	
-0.523682	
-0.523987	
-0.523071	
-0.520935	
-0.517578	
-0.515442	
-0.515442	
-0.517883	
-0.519714	
-0.52002	
-0.519104	
-0.517883	
-0.516357	
-0.514832	
-0.513306	
-0.512695	
-0.512085	
-0.51178	
-0.51239	
-0.513306	
-0.513	
-0.511169	
-0.508118	
-0.506287	
-0.506287	
-0.505676	
-0.50415	
-0.502319	
-0.500488	
-0.499573	
-0.497131	
-0.494995	
-0.496521	
-0.503235	
-0.513	
-0.521545	
-0.527954	
-0.532532	
-0.536194	
-0.538635	
-0.540161	
-0.541687	
-0.542297	
-0.541687	
-0.539246	
-0.537415	
-0.536499	
-0.536804	
-0.536194	
-0.534973	
-0.533752	
-0.533142	
-0.532532	
-0.532532	
-0.532227	
-0.531616	
-0.53009	
-0.528564	
-0.527954	
-0.527344	
-0.526733	
-0.525513	
-0.524597	
-0.523376	
-0.522766	
-0.522461	
-0.521851	
-0.52063	
-0.518494	
-0.516357	
-0.513306	
-0.510559	
-0.509338	
-0.509338	
-0.509338	
-0.507507	
-0.505676	
-0.50354	
-0.502319	
-0.501709	
-0.500488	
-0.498962	
-0.497437	
-0.496216	
-0.496826	
-0.497131	
-0.497437	
-0.498047	
-0.498352	
-0.498962	
-0.498657	
-0.496826	
-0.49408	
-0.492554	
-0.492859	
-0.493774	
-0.493469	
-0.491638	
-0.488892	
-0.487366	
-0.487061	
-0.487061	
-0.486145	
-0.484009	
-0.482178	
-0.480957	
-0.480347	
-0.480042	
-0.478516	
-0.476379	
-0.474854	
-0.475159	
-0.474548	
-0.472717	
-0.470276	
-0.469055	
-0.470581	
-0.474243	
-0.4776	
-0.479431	
-0.479736	
-0.478821	
-0.47821	
-0.476379	
-0.473633	
-0.470886	
-0.46936	
-0.46814	
-0.467224	
-0.466309	
-0.465393	
-0.463867	
-0.462646	
-0.461121	
-0.46051	
-0.460205	
-0.460205	
-0.458984	
-0.457764	
-0.456848	
-0.456238	
-0.455933	
-0.454712	
-0.453491	
-0.452576	
-0.45105	
-0.447998	
-0.444031	
-0.440674	
-0.439758	
-0.440674	
-0.441589	
-0.440674	
-0.437622	
-0.434265	
-0.431213	
-0.429077	
-0.429382	
-0.430908	
-0.431519	
-0.430603	
-0.427856	
-0.424194	
-0.420837	
-0.417786	
-0.415649	
-0.414124	
-0.411682	
-0.408936	
-0.406799	
-0.404968	
-0.404358	
-0.403137	
-0.400696	
-0.397949	
-0.395813	
-0.394897	
-0.393677	
-0.391541	
-0.388794	
-0.386658	
-0.385132	
-0.383606	
-0.382385	
-0.379944	
-0.376892	
-0.37262	
-0.368042	
-0.362244	
-0.358887	
-0.35614	
-0.356445	
-0.355225	
-0.354004	
-0.353699	
-0.351868	
-0.346375	
-0.33905	
-0.333557	
-0.330811	
-0.327148	
-0.320129	
-0.311584	
-0.305481	
-0.301819	
-0.300598	
-0.299683	
-0.297546	
-0.29541	
-0.29541	
-0.2948	
-0.293274	
-0.289612	
-0.286865	
-0.28595	
-0.28656	
-0.286255	
-0.284729	
-0.281067	
-0.27771	
-0.275879	
-0.274353	
-0.272827	
-0.270691	
-0.267639	
-0.263672	
-0.258789	
-0.254211	
-0.25177	
-0.250244	
-0.248718	
-0.246277	
-0.244141	
-0.240173	
-0.236816	
-0.233154	
-0.231018	
-0.229492	
-0.227661	
-0.224915	
-0.221252	
-0.218811	
-0.21759	
-0.216675	
-0.215454	
-0.212097	
-0.209351	
-0.206299	
-0.204163	
-0.201721	
-0.198975	
-0.196228	
-0.194092	
-0.192261	
-0.190735	
-0.188599	
-0.185852	
-0.183411	
-0.1828	
-0.183105	
-0.1828	
-0.180969	
-0.178833	
-0.178528	
-0.178833	
-0.177307	
-0.174255	
-0.171509	
-0.170898	
-0.171814	
-0.171814	
-0.163269	
-0.148315	
-0.130615	
-0.118713	
-0.114136	
-0.114136	
-0.115662	
-0.117493	
-0.119324	
-0.119019	
-0.116577	
-0.11261	
-0.108643	
-0.105286	
-0.103455	
-0.100708	
-0.0982666	
-0.0952148	
-0.0921631	
-0.0900269	
-0.0872803	
-0.0845337	
-0.0817871	
-0.0802612	
-0.0787354	
-0.0765991	
-0.0744629	
-0.072937	
-0.072937	
-0.072937	
-0.0720215	
-0.0704956	
-0.0674438	
-0.0631714	
-0.0585938	
-0.0558472	
-0.0552368	
-0.055542	
-0.0543213	
-0.0524902	
-0.0494385	
-0.0463867	
-0.0427246	
-0.0402832	
-0.0393677	
-0.039978	
-0.0402832	
-0.039978	
-0.0378418	
-0.0357056	
-0.0341797	
-0.0314331	
-0.0296021	
-0.027771	
-0.0268555	
-0.0265503	
-0.0256348	
-0.0231934	
-0.0189209	
-0.0140381	
-0.0115967	
-0.012207	
-0.0140381	
-0.0143433	
-0.012207	
-0.0088501	
-0.00488281	
-0.00213623	
0.000610352	
0.00427246	
0.00915527	
0.0134277	
0.0161743	
0.0161743	
0.0149536	
0.0146484	
0.0158691	
0.0183105	
0.0219727	
0.0244141	
0.0268555	
0.0289917	
0.0302124	
0.0311279	
0.0323486	
0.0354004	
0.0384521	
0.0415039	
0.0427246	
0.0442505	
0.0457764	
0.0479126	
0.0494385	
0.0515747	
0.0543213	
0.057373	
0.0585938	
0.0585938	
0.0592041	
0.0610352	
0.0640869	
0.0646973	
0.0656128	
0.0680542	
0.0708008	
0.072937	
0.0741577	
0.0775146	
0.0814819	
0.0839233	
0.0817871	
0.0778198	
0.0762939	
0.0775146	
0.0827026	
0.0875854	
0.0921631	
0.0946045	
0.0958252	
0.0964355	
0.098877	
0.100708	
0.102234	
0.104065	
0.106506	
0.110168	
0.11322	
0.116272	
0.118408	
0.120544	
0.121155	
0.120544	
0.121155	
0.123596	
0.128174	
0.132446	
0.136719	
0.13916	
0.140076	
0.139465	
0.139465	
0.140991	
0.144043	
0.148315	
0.152283	
0.155334	
0.155945	
0.15564	
0.155334	
0.15625	
0.157166	
0.158997	
0.161133	
0.163879	
0.166016	
0.168457	
0.170898	
0.174561	
0.177917	
0.180359	
0.18219	
0.184937	
0.188904	
0.190735	
0.19165	
0.192261	
0.195007	
0.198669	
0.201721	
0.204773	
0.20813	
0.211182	
0.212708	
0.213013	
0.213013	
0.213928	
0.21637	
0.220337	
0.224609	
0.227661	
0.228577	
0.227661	
0.227661	
0.228271	
0.229797	
0.231934	
0.234985	
0.238647	
0.240173	
0.236816	
0.230103	
0.226135	
0.230408	
0.241394	
0.252075	
0.256653	
0.256653	
0.255127	
0.254822	
0.255737	
0.257874	
0.26123	
0.265198	
0.269165	
0.271606	
0.271912	
0.270996	
0.269775	
0.269775	
0.269775	
0.270081	
0.271606	
0.275269	
0.279846	
0.284119	
0.286865	
0.288696	
0.289612	
0.291443	
0.293884	
0.297241	
0.299988	
0.302124	
0.304871	
0.307617	
0.308533	
0.307922	
0.307312	
0.308228	
0.310974	
0.313721	
0.316162	
0.317993	
0.318604	
0.319824	
0.32135	
0.322266	
0.322266	
0.322571	
0.326843	
0.333252	
0.339355	
0.341797	
0.342102	
0.342712	
0.343933	
0.345764	
0.346375	
0.346375	
0.34729	
0.347595	
0.348511	
0.348816	
0.349731	
0.350952	
0.352478	
0.354919	
0.357666	
0.359497	
0.360413	
0.360107	
0.359497	
0.358887	
0.358582	
0.359497	
0.362244	
0.365601	
0.367126	
0.367126	
0.367126	
0.368347	
0.371094	
0.37384	
0.374146	
0.374146	
0.373535	
0.375061	
0.376282	
0.377197	
0.377808	
0.378418	
0.378723	
0.379028	
0.379944	
0.38147	
0.38208	
0.382385	
0.383301	
0.385742	
0.387573	
0.388794	
0.388794	
0.389099	
0.391235	
0.394287	
0.395813	
0.394897	
0.393372	
0.391541	
0.391846	
0.391541	
0.39093	
0.390625	
0.39093	
0.392151	
0.393372	
0.393372	
0.393677	
0.393982	
0.395813	
0.397339	
0.39856	
0.39856	
0.397339	
0.395203	
0.392151	
0.389404	
0.387268	
0.386047	
0.386353	
0.387268	
0.387878	
0.386353	
0.386047	
0.388489	
0.391846	
0.391846	
0.386353	
0.381165	
0.379333	
0.379944	
0.381775	
0.382996	
0.384216	
0.383301	
0.380859	
0.378723	
0.377197	
0.377502	
0.378418	
0.378723	
0.378113	
0.376282	
0.375671	
0.376282	
0.376892	
0.376587	
0.375061	
0.371704	
0.367432	
0.363159	
0.360413	
0.359192	
0.358887	
0.359192	
0.360107	
0.360718	
0.360718	
0.360107	
0.358887	
0.359192	
0.360718	
0.361328	
0.359497	
0.354614	
0.350342	
0.349121	
0.350342	
0.351563	
0.350342	
0.3479	
0.346069	
0.346375	
0.348511	
0.349426	
0.349121	
0.346985	
0.345154	
0.343933	
0.343933	
0.343323	
0.343628	
0.343018	
0.342712	
0.341797	
0.339661	
0.33844	
0.336914	
0.335693	
0.334167	
0.333557	
0.332947	
0.333252	
0.332642	
0.332947	
0.333862	
0.334778	
0.334473	
0.332336	
0.329895	
0.328064	
0.326843	
0.326233	
0.325623	
0.325012	
0.324402	
0.323792	
0.323792	
0.323486	
0.323181	
0.323486	
0.324402	
0.325012	
0.323486	
0.321045	
0.318604	
0.317688	
0.317688	
0.317383	
0.316772	
0.317383	
0.319214	
0.32074	
0.32135	
0.320435	
0.318604	
0.317993	
0.318298	
0.319214	
0.318604	
0.316772	
0.313721	
0.312195	
0.311584	
0.310059	
0.307922	
0.306091	
0.306091	
0.308228	
0.311279	
0.313416	
0.3125	
0.309448	
0.306702	
0.306702	
0.308838	
0.309143	
0.308228	
0.306702	
0.306396	
0.307617	
0.309448	
0.310669	
0.311279	
0.312195	
0.31189	
0.310974	
0.309143	
0.307922	
0.306702	
0.304871	
0.302734	
0.301208	
0.300903	
0.300293	
0.299988	
0.301208	
0.301819	
0.302429	
0.301514	
0.299683	
0.298462	
0.297852	
0.297241	
0.296021	
0.2948	
0.294495	
0.29541	
0.296326	
0.295715	
0.293274	
0.290833	
0.290222	
0.290833	
0.291443	
0.291443	
0.290833	
0.289307	
0.288391	
0.287781	
0.288391	
0.291138	
0.293274	
0.29541	
0.295715	
0.29541	
0.29541	
0.295715	
0.29541	
0.293884	
0.292053	
0.290527	
0.290222	
0.289917	
0.290527	
0.292053	
0.292664	
0.292358	
0.292053	
0.292053	
0.293579	
0.294495	
0.294495	
0.2948	
0.29541	
0.296021	
0.296326	
0.297241	
0.300598	
0.305176	
0.307922	
0.309143	
0.310059	
0.31311	
0.315247	
0.315857	
0.314941	
0.313721	
0.314026	
0.315247	
0.316467	
0.316772	
0.316162	
0.315857	
0.316162	
0.317688	
0.319824	
0.323486	
0.327148	
0.329895	
0.331421	
0.333252	
0.335693	
0.338745	
0.341187	
0.341797	
0.341187	
0.340881	
0.342102	
0.344543	
0.348511	
0.350647	
0.349121	
0.345459	
0.343323	
0.345459	
0.351257	
0.35553	
0.355835	
0.353394	
0.350037	
0.350037	
0.354614	
0.361633	
0.369263	
0.374451	
0.378418	
0.379639	
0.379028	
0.379028	
0.379944	
0.382996	
0.385132	
0.386658	
0.389404	
0.394287	
0.399475	
0.402527	
0.402222	
0.400696	
0.401001	
0.402527	
0.406189	
0.409851	
0.413513	
0.41687	
0.420532	
0.422974	
0.422974	
0.421448	
0.419922	
0.420532	
0.421753	
0.423584	
0.427551	
0.431519	
0.433655	
0.43396	
0.433655	
0.436096	
0.439453	
0.44342	
0.445862	
0.448914	
0.451965	
0.454102	
0.455627	
0.457458	
0.460815	
0.464172	
0.466003	
0.466003	
0.466309	
0.468445	
0.471191	
0.473022	
0.474243	
0.476074	
0.479431	
0.481567	
0.483704	
0.485229	
0.487671	
0.490723	
0.493469	
0.496826	
0.499878	
0.502625	
0.505371	
0.507813	
0.509644	
0.512085	
0.516052	
0.52063	
0.523682	
0.523682	
0.523071	
0.523987	
0.528564	
0.536499	
0.543213	
0.544128	
0.540161	
0.536804	
0.53894	
0.544434	
0.548706	
0.552063	
0.55481	
0.557556	
0.559387	
0.560303	
0.562744	
0.565796	
0.568237	
0.568542	
0.569763	
0.571899	
0.574341	
0.576782	
0.578613	
0.579834	
0.579224	
0.578308	
0.578918	
0.58197	
0.584106	
0.585022	
0.584412	
0.584412	
0.584717	
0.585632	
0.587158	
0.588074	
0.5896	
0.592041	
0.596008	
0.600281	
0.602417	
0.602722	
0.603638	
0.605774	
0.608521	
0.610352	
0.613098	
0.616455	
0.618286	
0.619507	
0.618591	
0.617371	
0.61615	
0.61615	
0.61676	
0.618286	
0.619202	
0.618896	
0.614014	
0.60791	
0.604553	
0.608215	
0.616455	
0.62439	
0.627747	
0.622253	
0.610962	
0.59967	
0.596313	
0.600586	
0.607605	
0.613098	
0.615845	
0.61676	
0.617371	
0.618591	
0.619812	
0.621033	
0.621643	
0.622253	
0.623169	
0.62439	
0.626526	
0.629272	
0.631714	
0.632019	
0.632019	
0.631714	
0.63324	
0.635071	
0.635681	
0.637512	
0.639038	
0.639954	
0.639648	
0.639648	
0.641479	
0.644226	
0.646057	
0.646667	
0.647583	
0.649109	
0.650024	
0.65033	
0.649414	
0.650024	
0.65094	
0.651855	
0.651855	
0.652466	
0.653992	
0.656433	
0.65918	
0.661011	
0.662842	
0.664063	
0.664063	
0.663147	
0.662231	
0.662231	
0.662537	
0.662231	
0.661011	
0.660706	
0.662537	
0.664673	
0.665588	
0.666504	
0.667419	
0.66864	
0.667725	
0.666809	
0.665894	
0.665588	
0.665283	
0.665894	
0.667419	
0.66864	
0.66925	
0.66925	
0.669556	
0.670166	
0.66925	
0.667419	
0.666199	
0.667114	
0.670166	
0.672607	
0.672913	
0.670471	
0.667725	
0.665588	
0.664063	
0.664063	
0.665588	
0.66864	
0.670776	
0.670166	
0.66803	
0.667114	
0.665894	
0.664368	
0.665894	
0.675049	
0.691528	
0.708313	
0.72052	
0.729065	
0.735779	
0.740662	
0.741577	
0.740051	
0.73822	
0.737	
0.737	
0.736389	
0.733948	
0.730286	
0.727844	
0.726929	
0.726929	
0.727844	
0.730286	
0.733032	
0.735168	
0.734863	
0.733032	
0.730591	
0.728149	
0.725098	
0.722961	
0.721436	
0.721436	
0.722046	
0.721741	
0.722351	
0.723267	
0.723877	
0.724182	
0.722961	
0.722046	
0.721741	
0.720825	
0.718994	
0.716248	
0.715332	
0.715332	
0.716858	
0.718079	
0.719299	
0.71991	
0.720215	
0.71991	
0.718079	
0.715637	
0.713196	
0.711975	
0.71167	
0.71167	
0.711975	
0.711365	
0.710144	
0.708008	
0.706482	
0.705261	
0.704651	
0.703735	
0.703125	
0.703125	
0.704041	
0.704346	
0.702515	
0.700073	
0.697937	
0.697937	
0.697937	
0.696411	
0.693665	
0.691833	
0.692444	
0.694885	
0.696411	
0.696716	
0.696411	
0.694885	
0.692139	
0.689087	
0.687866	
0.688171	
0.688782	
0.687256	
0.683594	
0.681458	
0.680237	
0.679626	
0.677795	
0.673523	
0.66925	
0.666809	
0.667114	
0.668335	
0.66864	
0.667419	
0.665894	
0.665588	
0.665588	
0.665283	
0.663757	
0.661926	
0.6604	
0.65979	
0.658875	
0.658264	
0.657043	
0.655823	
0.654297	
0.652771	
0.652161	
0.651855	
0.652466	
0.652161	
0.65033	
0.647278	
0.644836	
0.64209	
0.640869	
0.639954	
0.638733	
0.636902	
0.63385	
0.631104	
0.629883	
0.630188	
0.631409	
0.632324	
0.631409	
0.629578	
0.626221	
0.623779	
0.620422	
0.618896	
0.621338	
0.626526	
0.632629	
0.634766	
0.633545	
0.630798	
0.627747	
0.625916	
0.623779	
0.621643	
0.620117	
0.618591	
0.61676	
0.612793	
0.608521	
0.604858	
0.603333	
0.602722	
0.602112	
0.602417	
0.602722	
0.602722	
0.602722	
0.601807	
0.600586	
0.597534	
0.594177	
0.59082	
0.587463	
0.583801	
0.581055	
0.578308	
0.577087	
0.575867	
0.574951	
0.574036	
0.572815	
0.570679	
0.568237	
0.567017	
0.565796	
0.56488	
0.563354	
0.561829	
0.559998	
0.559692	
0.559998	
0.560608	
0.560303	
0.557251	
0.55542	
0.557861	
0.563965	
0.569763	
0.570679	
0.567322	
0.563049	
0.559082	
0.55603	
0.554504	
0.555115	
0.556335	
0.556946	
0.555115	
0.551453	
0.548096	
0.545959	
0.545044	
0.544434	
0.542297	
0.539246	
0.536194	
0.535278	
0.534363	
0.533142	
0.531311	
0.53009	
0.528564	
0.526428	
0.524597	
0.523376	
0.523071	
0.523376	
0.523376	
0.523071	
0.521545	
0.52063	
0.52063	
0.519714	
0.518188	
0.516357	
0.515137	
0.515137	
0.514221	
0.51239	
0.509949	
0.507202	
0.505371	
0.504761	
0.504456	
0.504761	
0.504456	
0.50415	
0.503845	
0.50293	
0.502319	
0.501404	
0.501404	
0.501099	
0.501404	
0.501099	
0.501099	
0.500488	
0.499268	
0.496521	
0.493469	
0.491028	
0.490417	
0.490723	
0.490112	
0.488281	
0.484924	
0.482178	
0.480652	
0.480652	
0.481262	
0.481873	
0.481873	
0.482178	
0.481262	
0.479126	
0.475159	
0.471497	
0.468445	
0.466003	
0.463867	
0.461121	
0.458069	
0.454102	
0.451965	
0.449829	
0.447083	
0.442505	
0.437622	
0.434875	
0.434265	
0.435486	
0.437012	
0.438843	
0.437317	
0.432129	
0.425415	
0.420837	
0.419006	
0.41748	
0.414429	
0.411072	
0.408325	
0.407715	
0.407104	
0.407104	
0.407715	
0.408325	
0.40802	
0.406799	
0.404663	
0.402222	
0.399475	
0.396118	
0.393677	
0.391541	
0.390015	
0.388184	
0.386963	
0.385437	
0.383606	
0.382385	
0.380859	
0.379944	
0.377502	
0.374451	
0.371094	
0.368958	
0.366516	
0.363464	
0.359802	
0.357361	
0.352478	
0.346069	
0.339661	
0.337219	
0.33905	
0.341492	
0.342102	
0.341492	
0.339661	
0.338745	
0.338135	
0.337524	
0.338135	
0.33783	
0.336914	
0.334473	
0.329895	
0.325012	
0.32196	
0.320435	
0.319519	
0.316467	
0.311584	
0.306702	
0.30365	
0.300903	
0.299683	
0.297546	
0.298157	
0.296936	
0.287476	
0.270996	
0.25238	
0.240784	
0.235596	
0.23468	
0.233765	
0.231323	
0.227661	
0.223999	
0.223389	
0.222778	
0.221558	
0.21759	
0.212097	
0.207214	
0.203857	
0.203247	
0.203552	
0.203247	
0.201416	
0.200195	
0.198975	
0.196533	
0.191345	
0.185547	
0.182495	
0.18158	
0.179138	
0.174561	
0.171204	
0.171204	
0.172119	
0.170898	
0.167542	
0.16449	
0.162354	
0.162048	
0.161133	
0.159302	
0.155334	
0.149231	
0.142212	
0.135193	
0.1297	
0.125732	
0.124512	
0.124207	
0.124817	
0.123901	
0.123596	
0.123901	
0.123596	
0.120544	
0.116577	
0.112305	
0.110168	
0.108032	
0.105286	
0.103455	
0.101929	
0.0994873	
0.0967407	
0.0924683	
0.0891113	
0.0866699	
0.0823975	
0.0796509	
0.0765991	
0.0756836	
0.0756836	
0.0741577	
0.0704956	
0.0686646	
0.0708008	
0.0756836	
0.0775146	
0.0738525	
0.067749	
0.062561	
0.0601196	
0.0585938	
0.0576782	
0.0552368	
0.0515747	
0.0473022	
0.043335	
0.0405884	
0.0378418	
0.0357056	
0.0344849	
0.0341797	
0.0332642	
0.0323486	
0.0305176	
0.0286865	
0.0268555	
0.0234985	
0.0186157	
0.0131226	
0.0088501	
0.00762939	
0.00854492	
0.00823975	
0.00579834	
0.00244141	
-0.000305176	
-0.00305176	
-0.00640869	
-0.0109863	
-0.0146484	
-0.0186157	
-0.0219727	
-0.0250244	
-0.027771	
-0.0299072	
-0.0320435	
-0.0344849	
-0.0360107	
-0.0360107	
-0.0350952	
-0.0357056	
-0.0375366	
-0.039978	
-0.0421143	
-0.045166	
-0.0491333	
-0.0543213	
-0.0598145	
-0.0646973	
-0.0674438	
-0.0692749	
-0.0704956	
-0.0720215	
-0.0750732	
-0.0784302	
-0.0817871	
-0.0839233	
-0.0857544	
-0.0875854	
-0.0909424	
-0.0927734	
-0.0933838	
-0.0927734	
-0.0942993	
-0.0982666	
-0.104065	
-0.109558	
-0.113831	
-0.116577	
-0.117798	
-0.119324	
-0.12146	
-0.124817	
-0.128784	
-0.133057	
-0.136108	
-0.137939	
-0.13916	
-0.140076	
-0.141907	
-0.144653	
-0.1474	
-0.149841	
-0.151978	
-0.154114	
-0.15686	
-0.158691	
-0.161438	
-0.163879	
-0.166626	
-0.169373	
-0.169678	
-0.171204	
-0.17395	
-0.173645	
-0.169067	
-0.162354	
-0.159607	
-0.163879	
-0.169067	
-0.172729	
-0.17334	
-0.173035	
-0.17395	
-0.176392	
-0.178528	
-0.179443	
-0.179443	
-0.180054	
-0.181885	
-0.184326	
-0.187073	
-0.190125	
-0.193787	
-0.198364	
-0.202637	
-0.205383	
-0.206909	
-0.20752	
-0.208435	
-0.210571	
-0.213928	
-0.217896	
-0.220337	
-0.221558	
-0.222168	
-0.222168	
-0.222473	
-0.222778	
-0.224609	
-0.227661	
-0.231628	
-0.23407	
-0.234985	
-0.234375	
-0.23407	
-0.234985	
-0.237122	
-0.238953	
-0.240784	
-0.242615	
-0.245056	
-0.248108	
-0.250549	
-0.253296	
-0.256348	
-0.259094	
-0.260315	
-0.261841	
-0.263672	
-0.266418	
-0.26825	
-0.268555	
-0.26947	
-0.271301	
-0.274353	
-0.2771	
-0.279236	
-0.281067	
-0.283203	
-0.284729	
-0.285034	
-0.285034	
-0.28656	
-0.289001	
-0.292053	
-0.293579	
-0.293579	
-0.294189	
-0.2948	
-0.29541	
-0.297546	
-0.300598	
-0.304565	
-0.308228	
-0.310669	
-0.311584	
-0.31189	
-0.3125	
-0.314941	
-0.317688	
-0.318909	
-0.317383	
-0.314331	
-0.312195	
-0.31189	
-0.313721	
-0.315247	
-0.316162	
-0.315857	
-0.317078	
-0.319519	
-0.321655	
-0.322571	
-0.323486	
-0.325012	
-0.325317	
-0.324097	
-0.323181	
-0.323486	
-0.325012	
-0.325623	
-0.324707	
-0.323792	
-0.324097	
-0.326233	
-0.328369	
-0.330505	
-0.331421	
-0.332031	
-0.332031	
-0.332031	
-0.331421	
-0.331116	
-0.32959	
-0.328674	
-0.328674	
-0.328674	
-0.329285	
-0.3302	
-0.3302	
-0.329895	
-0.32959	
-0.329285	
-0.328674	
-0.326843	
-0.325012	
-0.325317	
-0.325928	
-0.326233	
-0.325317	
-0.323181	
-0.32135	
-0.319824	
-0.319824	
-0.320129	
-0.317383	
-0.312805	
-0.308228	
-0.306396	
-0.307617	
-0.307922	
-0.308228	
-0.307617	
-0.308228	
-0.308838	
-0.308838	
-0.307922	
-0.306702	
-0.305481	
-0.30426	
-0.30426	
-0.303955	
-0.303345	
-0.302429	
-0.301514	
-0.301819	
-0.30304	
-0.30365	
-0.304565	
-0.30426	
-0.303955	
-0.304871	
-0.306702	
-0.310974	
-0.309448	
-0.296021	
-0.271912	
-0.243835	
-0.218506	
-0.195923	
-0.172424	
-0.147705	
-0.12207	
-0.0958252	
-0.0704956	
-0.0457764	
-0.0210571	
0.00488281	
0.0289917	
0.0473022	
0.0588989	
0.0683594	
0.0796509	
0.0933838	
0.107727	
0.12085	
0.132446	
0.145569	
0.160217	
0.175476	
0.187683	
0.193481	
0.193176	
0.193176	
0.194702	
0.198059	
0.202332	
0.209351	
0.218506	
0.227661	
0.233459	
0.239258	
0.245056	
0.245361	
0.238342	
0.231323	
0.230408	
0.23468	
0.237122	
0.236511	
0.234375	
0.229797	
0.224609	
0.21759	
0.209045	
0.199585	
0.19165	
0.187988	
0.189819	
0.19165	
0.186768	
0.176086	
0.161438	
0.148315	
0.139771	
0.133362	
0.126038	
0.118103	
0.112	
0.106506	
0.101013	
0.0933838	
0.0842285	
0.0738525	
0.0634766	
0.0543213	
0.0469971	
0.0405884	
0.0350952	
0.0289917	
0.0222778	
0.0140381	
0.00549316	
-0.00244141	
-0.0109863	
-0.0198364	
-0.0280762	
-0.0344849	
-0.039978	
-0.0448608	
-0.0509644	
-0.0570679	
-0.0637817	
-0.072937	
-0.0830078	
-0.0946045	
-0.10498	
-0.114136	
-0.122375	
-0.132141	
-0.14679	
-0.162659	
-0.162354	
-0.138245	
-0.09552	
-0.0515747	
-0.0195313	
0.00610352	
0.0308228	
0.0552368	
