0.00640869	
0.00366211	
0.00213623	
0.00244141	
0.00305176	
0.00305176	
0.00305176	
0.00396729	
0.00488281	
0.00579834	
0.00518799	
0.00366211	
0.00183105	
0.000610352	
0	
0.00183105	
0.00396729	
0.00610352	
0.00732422	
0.00610352	
0.00488281	
0.00396729	
0.00488281	
0.00732422	
0.00823975	
0.00732422	
0.00610352	
0.00579834	
0.00579834	
0.00549316	
0.00518799	
0.00549316	
0.00579834	
0.00488281	
0.00366211	
0.00244141	
0.00305176	
0.00518799	
0.00671387	
0.00640869	
0.00549316	
0.00488281	
0.00488281	
0.00488281	
0.00396729	
0.00366211	
0.00518799	
0.00701904	
0.0088501	
0.00946045	
0.00915527	
0.00671387	
0.00457764	
0.00305176	
0.00396729	
0.00610352	
0.00854492	
0.0100708	
0.0106812	
0.00946045	
0.00854492	
0.0088501	
0.010376	
0.0119019	
0.010376	
0.00640869	
0.00274658	
0.00213623	
0.00549316	
0.00946045	
0.0119019	
0.0112915	
0.0106812	
0.010376	
0.0115967	
0.012207	
0.0119019	
0.0119019	
0.0115967	
0.0119019	
0.0119019	
0.012207	
0.0125122	
0.0112915	
0.00976563	
0.0088501	
0.00793457	
0.00823975	
0.00854492	
0.00946045	
0.0100708	
0.0100708	
0.00915527	
0.0088501	
0.00762939	
0.00640869	
0.00488281	
0.00396729	
0.00396729	
0.00549316	
0.00854492	
0.0125122	
0.015564	
0.0158691	
0.0140381	
0.0112915	
0.0088501	
0.00701904	
0.00671387	
0.00793457	
0.00976563	
0.010376	
0.00915527	
0.00762939	
0.00762939	
0.0088501	
0.0106812	
0.0131226	
0.0146484	
0.0146484	
0.0125122	
0.00976563	
0.00762939	
0.00640869	
0.00579834	
0.00671387	
0.00854492	
0.00915527	
0.00854492	
0.00793457	
0.00946045	
0.0128174	
0.0167847	
0.0180054	
0.017395	
0.0152588	
0.012207	
0.0100708	
0.00915527	
0.00946045	
0.010376	
0.0119019	
0.0125122	
0.0137329	
0.0137329	
0.0140381	
0.0134277	
0.0140381	
0.0149536	
0.0167847	
0.0177002	
0.0152588	
0.0131226	
0.0112915	
0.0115967	
0.0119019	
0.0112915	
0.0109863	
0.0115967	
0.0112915	
0.0100708	
0.00915527	
0.00854492	
0.00946045	
0.010376	
0.0112915	
0.0125122	
0.0134277	
0.0140381	
0.0137329	
0.0134277	
0.012207	
0.00976563	
0.00823975	
0.00793457	
0.0100708	
0.012207	
0.0134277	
0.0128174	
0.0119019	
0.012207	
0.0125122	
0.0128174	
0.0115967	
0.010376	
0.0109863	
0.0125122	
0.0146484	
0.0158691	
0.0158691	
0.0158691	
0.0158691	
0.0161743	
0.0158691	
0.0146484	
0.0131226	
0.0112915	
0.0112915	
0.0131226	
0.0152588	
0.0170898	
0.0180054	
0.0186157	
0.0189209	
0.0186157	
0.0177002	
0.0177002	
0.0189209	
0.0210571	
0.0210571	
0.0189209	
0.0152588	
0.0131226	
0.0131226	
0.0152588	
0.017395	
0.0183105	
0.0177002	
0.0167847	
0.015564	
0.0143433	
0.0128174	
0.012207	
0.0128174	
0.0131226	
0.0137329	
0.0140381	
0.0146484	
0.015564	
0.0167847	
0.0170898	
0.0170898	
0.0170898	
0.0170898	
0.0177002	
0.0183105	
0.0195313	
0.0210571	
0.0228882	
0.0241089	
0.0228882	
0.0210571	
0.0189209	
0.017395	
0.0167847	
0.015564	
0.0149536	
0.015564	
0.017395	
0.0195313	
0.0216675	
0.0222778	
0.0216675	
0.0201416	
0.0186157	
0.0180054	
0.0177002	
0.0177002	
0.0177002	
0.0167847	
0.0164795	
0.0158691	
0.0167847	
0.0177002	
0.0189209	
0.020752	
0.0219727	
0.0213623	
0.0195313	
0.0180054	
0.017395	
0.0186157	
0.0210571	
0.0241089	
0.0262451	
0.0256348	
0.0228882	
0.0201416	
0.0180054	
0.0180054	
0.0189209	
0.0213623	
0.0231934	
0.0241089	
0.0250244	
0.0268555	
0.0283813	
0.0289917	
0.0271606	
0.0250244	
0.0241089	
0.0241089	
0.0244141	
0.0244141	
0.0241089	
0.0238037	
0.0262451	
0.0280762	
0.0289917	
0.0265503	
0.0231934	
0.0204468	
0.0198364	
0.0213623	
0.022583	
0.0234985	
0.0238037	
0.0234985	
0.0238037	
0.0234985	
0.0234985	
0.0234985	
0.0241089	
0.0265503	
0.0299072	
0.0317383	
0.0320435	
0.0302124	
0.027771	
0.0256348	
0.0228882	
0.0222778	
0.0234985	
0.0250244	
0.0271606	
0.0259399	
0.0253296	
0.0244141	
0.0244141	
0.0253296	
0.0256348	
0.0265503	
0.0271606	
0.0265503	
0.0259399	
0.0247192	
0.0228882	
0.020752	
0.0195313	
0.0195313	
0.0213623	
0.0238037	
0.0256348	
0.0250244	
0.0234985	
0.0231934	
0.0247192	
0.0268555	
0.0292969	
0.0296021	
0.0280762	
0.0247192	
0.0210571	
0.0195313	
0.0201416	
0.0201416	
0.0201416	
0.020752	
0.022583	
0.0238037	
0.0241089	
0.0234985	
0.0228882	
0.0219727	
0.020752	
0.0204468	
0.0204468	
0.0204468	
0.0195313	
0.0195313	
0.0201416	
0.0213623	
0.0210571	
0.0210571	
0.0213623	
0.0222778	
0.0241089	
0.0244141	
0.0231934	
0.0210571	
0.0192261	
0.0186157	
0.0189209	
0.0192261	
0.0195313	
0.0201416	
0.020752	
0.0213623	
0.0216675	
0.0198364	
0.0158691	
0.0112915	
0.010376	
0.0125122	
0.0158691	
0.0170898	
0.0167847	
0.0177002	
0.0201416	
0.0231934	
0.0228882	
0.020752	
0.0189209	
0.0192261	
0.0213623	
0.0234985	
0.0247192	
0.0250244	
0.0247192	
0.0241089	
0.0238037	
0.0241089	
0.0253296	
0.0268555	
0.0271606	
0.0262451	
0.0247192	
0.0244141	
0.0241089	
0.0241089	
0.0234985	
0.0231934	
0.0228882	
0.0238037	
0.0247192	
0.0250244	
0.0241089	
0.0228882	
0.0222778	
0.022583	
0.022583	
0.0238037	
0.0259399	
0.0305176	
0.0341797	
0.03479	
0.032959	
0.0299072	
0.0283813	
0.0280762	
0.0280762	
0.0268555	
0.0253296	
0.0238037	
0.0222778	
0.0213623	
0.0210571	
0.0213623	
0.0231934	
0.0250244	
0.0259399	
0.0256348	
0.0247192	
0.0247192	
0.0244141	
0.0250244	
0.0262451	
0.0271606	
0.0262451	
0.0228882	
0.0198364	
0.0189209	
0.020752	
0.0241089	
0.0268555	
0.0271606	
0.0250244	
0.0231934	
0.0219727	
0.0228882	
0.0228882	
0.0231934	
0.0238037	
0.0250244	
0.0268555	
0.0289917	
0.0308228	
0.0317383	
0.0308228	
0.0289917	
0.0268555	
0.0265503	
0.0265503	
0.0271606	
0.0274658	
0.0265503	
0.0250244	
0.0241089	
0.0234985	
0.0244141	
0.0265503	
0.0292969	
0.0308228	
0.0302124	
0.0283813	
0.0280762	
0.0296021	
0.0317383	
0.0326538	
0.0338745	
0.03479	
0.0335693	
0.0317383	
0.0302124	
0.0308228	
0.0320435	
0.0323486	
0.0305176	
0.0286865	
0.027771	
0.0268555	
0.0262451	
0.0265503	
0.0274658	
0.0286865	
0.027771	
0.0253296	
0.0231934	
0.0219727	
0.0231934	
0.0256348	
0.0274658	
0.0289917	
0.0296021	
0.0302124	
0.0317383	
0.0323486	
0.0335693	
0.0350952	
0.0378418	
0.0384521	
0.0372314	
0.0357056	
0.03479	
0.0350952	
0.0350952	
0.0357056	
0.0360107	
0.0363159	
0.0354004	
0.0341797	
0.0332642	
0.0323486	
0.0320435	
0.0332642	
0.0338745	
0.03479	
0.0360107	
0.0375366	
0.0390625	
0.0387573	
0.0369263	
0.0341797	
0.0317383	
0.0292969	
0.0268555	
0.0228882	
0.0146484	
0.00396729	
-0.00854492	
-0.0192261	
-0.0253296	
-0.0268555	
-0.0244141	
-0.022583	
-0.0256348	
-0.0320435	
-0.0396729	
-0.0442505	
-0.0421143	
-0.0372314	
-0.0292969	
-0.0241089	
-0.0228882	
-0.0234985	
-0.0231934	
-0.017395	
-0.012207	
-0.0106812	
-0.0140381	
-0.0192261	
-0.0219727	
-0.0216675	
-0.0192261	
-0.0164795	
-0.0161743	
-0.0186157	
-0.0210571	
-0.022583	
-0.0228882	
-0.0228882	
-0.022583	
-0.0216675	
-0.0201416	
-0.0195313	
-0.0201416	
-0.020752	
-0.020752	
-0.0210571	
-0.0222778	
-0.0241089	
-0.0256348	
-0.0259399	
-0.0247192	
-0.0238037	
-0.0231934	
-0.0231934	
-0.0228882	
-0.0228882	
-0.0222778	
-0.0213623	
-0.0201416	
-0.0177002	
-0.0170898	
-0.0170898	
-0.017395	
-0.0183105	
-0.0183105	
-0.0186157	
-0.0177002	
-0.017395	
-0.0170898	
-0.0183105	
-0.0195313	
-0.0201416	
-0.0198364	
-0.0186157	
-0.0177002	
-0.0177002	
-0.0180054	
-0.0183105	
-0.0180054	
-0.0180054	
-0.0186157	
-0.0183105	
-0.0192261	
-0.0222778	
-0.0259399	
-0.0283813	
-0.0271606	
-0.0259399	
-0.0280762	
-0.0323486	
-0.0357056	
-0.0378418	
-0.0396729	
-0.0402832	
-0.0402832	
-0.0393677	
-0.0396729	
-0.0424194	
-0.0469971	
-0.0509644	
-0.0518799	
-0.0515747	
-0.0509644	
-0.0509644	
-0.0524902	
-0.0546265	
-0.0561523	
-0.0549316	
-0.0521851	
-0.0497437	
-0.0500488	
-0.0509644	
-0.0506592	
-0.0491333	
-0.0488281	
-0.0485229	
-0.0473022	
-0.0454712	
-0.0442505	
-0.0457764	
-0.0482178	
-0.0491333	
-0.0482178	
-0.0469971	
-0.0476074	
-0.0488281	
-0.0488281	
-0.0473022	
-0.0466919	
-0.0476074	
-0.0488281	
-0.0494385	
-0.0500488	
-0.0497437	
-0.0482178	
-0.0476074	
-0.0482178	
-0.0506592	
-0.0524902	
-0.0524902	
-0.0515747	
-0.0506592	
-0.0506592	
-0.0509644	
-0.0497437	
-0.0488281	
-0.0491333	
-0.0506592	
-0.0515747	
-0.0506592	
-0.0497437	
-0.0491333	
-0.0476074	
-0.0454712	
-0.043335	
-0.0436401	
-0.0460815	
-0.0488281	
-0.050354	
-0.050354	
-0.0500488	
-0.0506592	
-0.0518799	
-0.0512695	
-0.0491333	
-0.0457764	
-0.0418091	
-0.039978	
-0.039978	
-0.0411987	
-0.0436401	
-0.0454712	
-0.0466919	
-0.0469971	
-0.0457764	
-0.0445557	
-0.0448608	
-0.0411987	
-0.0323486	
-0.0204468	
-0.0137329	
-0.015564	
-0.0216675	
-0.0259399	
-0.0283813	
-0.0280762	
-0.0280762	
-0.0274658	
-0.0274658	
-0.0280762	
-0.0286865	
-0.0302124	
-0.0308228	
-0.0299072	
-0.0283813	
-0.0280762	
-0.0283813	
-0.0296021	
-0.0299072	
-0.0299072	
-0.0289917	
-0.027771	
-0.0271606	
-0.0271606	
-0.0271606	
-0.0268555	
-0.027771	
-0.0299072	
-0.0317383	
-0.0320435	
-0.0311279	
-0.0305176	
-0.0292969	
-0.0274658	
-0.0271606	
-0.0271606	
-0.0259399	
-0.0234985	
-0.0219727	
-0.0238037	
-0.0259399	
-0.0265503	
-0.0256348	
-0.0231934	
-0.0210571	
-0.0222778	
-0.0308228	
-0.0442505	
-0.0567627	
-0.0619507	
-0.0604248	
-0.0558472	
-0.0515747	
-0.0500488	
-0.0506592	
-0.0512695	
-0.0509644	
-0.0509644	
-0.050354	
-0.0497437	
-0.0491333	
-0.0479126	
-0.0469971	
-0.0466919	
-0.0488281	
-0.0540161	
-0.0570679	
-0.0576782	
-0.0561523	
-0.055542	
-0.0570679	
-0.0585938	
-0.0588989	
-0.057373	
-0.0564575	
-0.0558472	
-0.0561523	
-0.0561523	
-0.057373	
-0.0561523	
-0.0506592	
-0.0418091	
-0.0326538	
-0.0289917	
-0.0296021	
-0.0311279	
-0.0323486	
-0.0308228	
-0.0296021	
-0.0299072	
-0.0314331	
-0.0338745	
-0.0354004	
-0.0344849	
-0.0317383	
-0.0283813	
-0.0271606	
-0.0286865	
-0.0308228	
-0.032959	
-0.0354004	
-0.0369263	
-0.0357056	
-0.0317383	
-0.027771	
-0.0271606	
-0.0286865	
-0.0299072	
-0.0302124	
-0.0299072	
-0.0308228	
-0.0335693	
-0.0354004	
-0.0354004	
-0.0332642	
-0.0314331	
-0.0311279	
-0.0317383	
-0.0317383	
-0.0323486	
-0.032959	
-0.032959	
-0.0305176	
-0.0265503	
-0.0247192	
-0.0247192	
-0.0268555	
-0.0274658	
-0.027771	
-0.027771	
-0.0274658	
-0.0274658	
-0.0271606	
-0.0271606	
-0.0265503	
-0.0262451	
-0.0268555	
-0.027771	
-0.0286865	
-0.0286865	
-0.0274658	
-0.0256348	
-0.0238037	
-0.0222778	
-0.0213623	
-0.0213623	
-0.022583	
-0.0238037	
-0.0244141	
-0.0241089	
-0.0253296	
-0.0280762	
-0.0292969	
-0.0274658	
-0.0241089	
-0.0234985	
-0.0247192	
-0.0262451	
-0.0265503	
-0.0265503	
-0.0274658	
-0.0280762	
-0.0286865	
-0.0299072	
-0.0317383	
-0.0323486	
-0.0302124	
-0.0292969	
-0.0302124	
-0.0320435	
-0.0323486	
-0.0296021	
-0.0265503	
-0.0253296	
-0.0274658	
-0.0308228	
-0.0332642	
-0.0317383	
-0.0299072	
-0.0305176	
-0.0311279	
-0.0311279	
-0.0296021	
-0.0292969	
-0.0296021	
-0.0292969	
-0.0299072	
-0.0317383	
-0.0332642	
-0.0341797	
-0.0354004	
-0.038147	
-0.0411987	
-0.0411987	
-0.0390625	
-0.0378418	
-0.0378418	
-0.0375366	
-0.0369263	
-0.0350952	
-0.0354004	
-0.0350952	
-0.03479	
-0.03479	
-0.0360107	
-0.0372314	
-0.0378418	
-0.0375366	
-0.0372314	
-0.0366211	
-0.0357056	
-0.0354004	
-0.0360107	
-0.0354004	
-0.0317383	
-0.0274658	
-0.0241089	
-0.0241089	
-0.0256348	
-0.0265503	
-0.027771	
-0.0286865	
-0.0299072	
-0.0311279	
-0.0314331	
-0.0314331	
-0.0320435	
-0.0320435	
-0.0311279	
-0.0289917	
-0.0271606	
-0.0265503	
-0.0280762	
-0.0311279	
-0.0332642	
-0.0274658	
-0.00762939	
0.0241089	
0.0628662	
0.100708	
0.13855	
0.176697	
0.212708	
0.24353	
0.26886	
0.289307	
0.305786	
0.316467	
0.32135	
0.322571	
0.32196	
0.321045	
0.322266	
0.32196	
0.320435	
0.316467	
0.31189	
0.309143	
0.307312	
0.305786	
0.30426	
0.302734	
0.303345	
0.303955	
0.30365	
0.303345	
0.302734	
0.30365	
0.303955	
0.301208	
0.297241	
0.2948	
0.293274	
0.293884	
0.293274	
0.291748	
0.291138	
0.292664	
0.295105	
0.296326	
0.296936	
0.296631	
0.296631	
0.295105	
0.291138	
0.287476	
0.287476	
0.289917	
0.291138	
0.289917	
0.286865	
0.285339	
0.28595	
0.283508	
0.269775	
0.241699	
0.2005	
0.155334	
0.111084	
0.067749	
0.0253296	
-0.0140381	
-0.0476074	
-0.0744629	
-0.093689	
-0.101929	
-0.0994873	
-0.0912476	
-0.0875854	
-0.090332	
-0.0973511	
-0.101929	
-0.10376	
-0.101624	
-0.0976563	
-0.0952148	
-0.0949097	
-0.0949097	
-0.0930786	
-0.0894165	
-0.088501	
-0.0888062	
-0.0906372	
-0.0906372	
-0.0900269	
-0.0906372	
-0.0924683	
-0.0946045	
-0.0942993	
-0.0930786	
-0.0921631	
-0.0912476	
-0.0915527	
-0.0921631	
-0.0918579	
-0.0909424	
-0.0872803	
-0.0842285	
-0.083313	
-0.0842285	
-0.0863647	
-0.0869751	
-0.0869751	
-0.0897217	
-0.0872803	
-0.0750732	
-0.055542	
-0.038147	
-0.0305176	
-0.0308228	
-0.0335693	
-0.0366211	
-0.039978	
-0.0427246	
-0.0448608	
-0.0439453	
-0.0411987	
-0.0378418	
-0.0366211	
-0.0375366	
-0.038147	
-0.0384521	
-0.0390625	
-0.0405884	
-0.0421143	
-0.0430298	
-0.0442505	
-0.0460815	
-0.0485229	
-0.0494385	
-0.0473022	
-0.0442505	
-0.0418091	
-0.0415039	
-0.0421143	
-0.0421143	
-0.0418091	
-0.0424194	
-0.0436401	
-0.0439453	
-0.0439453	
-0.0439453	
-0.0460815	
-0.0479126	
-0.0488281	
-0.0482178	
-0.0479126	
-0.0479126	
-0.0479126	
-0.0460815	
-0.045166	
-0.045166	
-0.0454712	
-0.0457764	
-0.0457764	
-0.050354	
-0.0646973	
-0.0900269	
-0.119934	
-0.150757	
-0.179749	
-0.208435	
-0.236206	
-0.261536	
-0.283203	
-0.301514	
-0.313721	
-0.320129	
-0.322571	
-0.323792	
-0.324097	
-0.324097	
-0.323792	
-0.322571	
-0.32196	
-0.32135	
-0.32196	
-0.325317	
-0.328064	
-0.328979	
-0.327148	
-0.323486	
-0.321045	
-0.319519	
-0.319824	
-0.320435	
-0.321045	
-0.321655	
-0.32196	
-0.321655	
-0.320129	
-0.319214	
-0.319214	
-0.317688	
-0.314636	
-0.311279	
-0.310059	
-0.311584	
-0.31311	
-0.312805	
-0.311584	
-0.310364	
-0.309143	
-0.307922	
-0.305481	
-0.303955	
-0.303345	
-0.302734	
-0.302124	
-0.301819	
-0.299683	
-0.296936	
-0.29541	
-0.296936	
-0.301819	
-0.304871	
-0.30426	
-0.301208	
-0.297546	
-0.294495	
-0.292664	
-0.292053	
-0.291748	
-0.292053	
-0.292969	
-0.28595	
-0.265808	
-0.232849	
-0.193176	
-0.156555	
-0.12207	
-0.0906372	
-0.0613403	
-0.0396729	
-0.0289917	
-0.0286865	
-0.032959	
-0.0363159	
-0.0360107	
-0.0344849	
-0.0335693	
-0.032959	
-0.0332642	
-0.0344849	
-0.0357056	
-0.0357056	
-0.03479	
-0.0335693	
-0.0323486	
-0.0332642	
-0.0341797	
-0.0344849	
-0.0341797	
-0.0344849	
-0.0354004	
-0.0357056	
-0.0360107	
-0.0372314	
-0.039978	
-0.0427246	
-0.0424194	
-0.0402832	
-0.0384521	
-0.0387573	
-0.0387573	
-0.0384521	
-0.0372314	
-0.0363159	
-0.0363159	
-0.0366211	
-0.0360107	
-0.0357056	
-0.0354004	
-0.0360107	
-0.0369263	
-0.0369263	
-0.03479	
-0.0320435	
-0.0299072	
-0.0299072	
-0.0299072	
-0.0292969	
-0.0283813	
-0.0289917	
-0.0320435	
-0.0344849	
-0.0350952	
-0.0326538	
-0.0296021	
-0.0265503	
-0.0247192	
-0.0250244	
-0.0265503	
-0.0299072	
-0.0326538	
-0.0338745	
-0.032959	
-0.0302124	
-0.0280762	
-0.0265503	
-0.0262451	
-0.0274658	
-0.0289917	
-0.0311279	
-0.0317383	
-0.0326538	
-0.0341797	
-0.0344849	
-0.0332642	
-0.0326538	
-0.0323486	
-0.0338745	
-0.0350952	
-0.0363159	
-0.0350952	
-0.0332642	
-0.0317383	
-0.0305176	
-0.0289917	
-0.027771	
-0.0271606	
-0.0286865	
-0.0305176	
-0.0311279	
-0.0308228	
-0.0314331	
-0.0326538	
-0.0341797	
-0.0341797	
-0.0323486	
-0.0302124	
-0.0286865	
-0.0274658	
-0.0265503	
-0.0259399	
-0.0250244	
-0.0234985	
-0.0234985	
-0.0253296	
-0.0289917	
-0.0323486	
-0.0335693	
-0.0335693	
-0.0320435	
-0.0296021	
-0.0268555	
-0.0253296	
-0.0262451	
-0.0265503	
-0.0259399	
-0.0256348	
-0.0268555	
-0.0296021	
-0.0302124	
-0.0283813	
-0.0271606	
-0.0268555	
-0.0283813	
-0.0296021	
-0.0292969	
-0.0280762	
-0.0259399	
-0.0250244	
-0.0247192	
-0.0250244	
-0.0265503	
-0.027771	
-0.0302124	
-0.0326538	
-0.0350952	
-0.0372314	
-0.0363159	
-0.0360107	
-0.0354004	
-0.0363159	
-0.0369263	
-0.0372314	
-0.0375366	
-0.0360107	
-0.0326538	
-0.0289917	
-0.0286865	
-0.0286865	
-0.0177002	
0.00915527	
0.0485229	
0.0897217	
0.127258	
0.164185	
0.201111	
0.235291	
0.263977	
0.288086	
0.307007	
0.322266	
0.329895	
0.333557	
0.333557	
0.331726	
0.328979	
0.325928	
0.323486	
0.320129	
0.317688	
0.315552	
0.315247	
0.314331	
0.313416	
0.312195	
0.310669	
0.308533	
0.307617	
0.308533	
0.310669	
0.312195	
0.310974	
0.309143	
0.307312	
0.305481	
0.303345	
0.300293	
0.298767	
0.300293	
0.300598	
0.299377	
0.297241	
0.296631	
0.296936	
0.294495	
0.292664	
0.291748	
0.292969	
0.294495	
0.292969	
0.290222	
0.287476	
0.285645	
0.286255	
0.287781	
0.290833	
0.292358	
0.293274	
0.292664	
0.291748	
0.291443	
0.292358	
0.293274	
0.295715	
0.297546	
0.289612	
0.266113	
0.227966	
0.182495	
0.138245	
0.0967407	
0.0610352	
0.0305176	
0.00579834	
-0.0100708	
-0.0158691	
-0.0149536	
-0.0131226	
-0.0131226	
-0.0149536	
-0.0158691	
-0.0167847	
-0.0186157	
-0.0186157	
-0.0192261	
-0.0195313	
-0.0213623	
-0.0238037	
-0.0250244	
-0.0247192	
-0.0216675	
-0.0204468	
-0.020752	
-0.022583	
-0.0228882	
-0.0222778	
-0.0222778	
-0.0213623	
-0.0198364	
-0.0186157	
-0.0183105	
-0.0192261	
-0.0195313	
-0.0195313	
-0.0195313	
-0.0183105	
-0.017395	
-0.0170898	
-0.0183105	
-0.0177002	
-0.0161743	
-0.0146484	
-0.0143433	
-0.0149536	
-0.0137329	
-0.0131226	
-0.0149536	
-0.0180054	
-0.0204468	
-0.020752	
-0.0189209	
-0.0186157	
-0.0180054	
-0.0180054	
-0.0183105	
-0.017395	
-0.0195313	
-0.0268555	
-0.0390625	
-0.0527954	
-0.0604248	
-0.06073	
-0.0564575	
-0.0521851	
-0.0494385	
-0.0494385	
-0.0515747	
-0.0543213	
-0.055542	
-0.0543213	
-0.0515747	
-0.0500488	
-0.050354	
-0.0506592	
-0.0506592	
-0.0494385	
-0.0491333	
-0.0515747	
-0.0558472	
-0.0598145	
-0.06073	
-0.0595093	
-0.0558472	
-0.0537109	
-0.0524902	
-0.0518799	
-0.0497437	
-0.0479126	
-0.0469971	
-0.0479126	
-0.0494385	
-0.0509644	
-0.0543213	
-0.0653076	
-0.0875854	
-0.117798	
-0.151367	
-0.1828	
-0.214844	
-0.247192	
-0.275879	
-0.297546	
-0.309448	
-0.311279	
-0.307312	
-0.303955	
-0.302734	
-0.305176	
-0.306396	
-0.306396	
-0.304871	
-0.302429	
-0.300903	
-0.300598	
-0.299683	
-0.297852	
-0.294189	
-0.292053	
-0.292358	
-0.294495	
-0.297241	
-0.297852	
-0.296326	
-0.294189	
-0.292664	
-0.291748	
-0.292053	
-0.292664	
-0.291748	
-0.289612	
-0.286255	
-0.284729	
-0.28595	
-0.288391	
-0.291138	
-0.292664	
-0.293579	
-0.292969	
-0.291138	
-0.288696	
-0.285034	
-0.280762	
-0.27771	
-0.276184	
-0.275574	
-0.275574	
-0.275574	
-0.27771	
-0.280457	
-0.281677	
-0.279541	
-0.276489	
-0.275269	
-0.276794	
-0.278015	
-0.277405	
-0.275879	
-0.267029	
-0.246277	
-0.210571	
-0.169373	
-0.130615	
-0.0976563	
-0.067749	
-0.0405884	
-0.0177002	
-0.00213623	
-0.000305176	
-0.00762939	
-0.0149536	
-0.0161743	
-0.0112915	
-0.00671387	
-0.00549316	
-0.00549316	
-0.00579834	
-0.00671387	
-0.00823975	
-0.0109863	
-0.0131226	
-0.0146484	
-0.0170898	
-0.0183105	
-0.017395	
-0.0125122	
-0.00823975	
-0.00946045	
-0.0143433	
-0.0183105	
-0.017395	
-0.0140381	
-0.0115967	
-0.0128174	
-0.0149536	
-0.0161743	
-0.015564	
-0.0143433	
-0.0137329	
-0.0146484	
-0.0146484	
-0.0128174	
-0.0100708	
-0.00854492	
-0.0088501	
-0.0106812	
-0.0109863	
-0.010376	
-0.0088501	
-0.00762939	
-0.00640869	
-0.00518799	
-0.00427246	
-0.00366211	
-0.00366211	
-0.00396729	
-0.00518799	
-0.00671387	
-0.00762939	
-0.00915527	
-0.00915527	
-0.0088501	
-0.00701904	
-0.00305176	
0	
0.00396729	
0.00488281	
0.00457764	
0.00244141	
0.000610352	
0.0012207	
0.00396729	
0.00701904	
0.00823975	
0.0088501	
0.00854492	
0.00793457	
0.00701904	
0.00610352	
0.00610352	
0.00610352	
0.00366211	
0	
-0.00305176	
-0.00396729	
-0.00335693	
-0.00274658	
-0.0012207	
0.00152588	
0.00518799	
0.00701904	
0.00793457	
0.00701904	
0.00579834	
0.00396729	
0.0012207	
-0.000610352	
0	
0.000915527	
0.00335693	
0.00549316	
0.00732422	
0.00793457	
0.00762939	
0.00671387	
0.00610352	
0.00518799	
0.00427246	
0.00396729	
0.00488281	
0.00579834	
0.00579834	
0.00427246	
0.00274658	
0.000610352	
-0.000305176	
-0.000305176	
0.000915527	
0.00335693	
0.00518799	
0.00640869	
0.00701904	
0.00610352	
0.00640869	
0.00701904	
0.00762939	
0.00640869	
0.00305176	
0.000305176	
0.0012207	
0.00366211	
0.00457764	
0.00396729	
0.00366211	
0.00396729	
0.00457764	
0.00427246	
0.00457764	
0.00518799	
0.00549316	
0.00457764	
0.00244141	
0.00183105	
0.00274658	
0.00488281	
0.00549316	
0.00549316	
0.00610352	
0.00823975	
0.0088501	
0.00823975	
0.00701904	
0.00701904	
0.00671387	
0.00518799	
0.00335693	
0.00366211	
0.00518799	
0.00732422	
0.00854492	
0.00915527	
0.00854492	
0.00701904	
0.00518799	
0.00427246	
0.00366211	
0.00244141	
0.000305176	
-0.000610352	
0.000305176	
0.0012207	
0.0012207	
0.0012207	
0.00213623	
0.00305176	
0.00274658	
0.0012207	
0.00152588	
0.00427246	
0.00640869	
0.00640869	
0.00488281	
0.00244141	
0.00213623	
0.000610352	
-0.00183105	
-0.00488281	
-0.00518799	
0.000915527	
0.0128174	
0.0274658	
0.0418091	
0.050354	
0.0534058	
0.0518799	
0.0494385	
0.0491333	
0.0488281	
0.0488281	
0.0491333	
0.0500488	
0.0494385	
0.0482178	
0.0460815	
0.0457764	
0.0454712	
0.045166	
0.0457764	
0.0469971	
0.0476074	
0.0473022	
0.0473022	
0.0476074	
0.0476074	
0.0457764	
0.0421143	
0.0408936	
0.0430298	
0.0469971	
0.0488281	
0.0476074	
0.0445557	
0.043335	
0.043335	
0.0448608	
0.0463867	
0.0473022	
0.0482178	
0.0479126	
0.0469971	
0.0466919	
0.0479126	
0.0500488	
0.050354	
0.0479126	
0.0439453	
0.0402832	
0.0387573	
0.0387573	
0.0393677	
0.0408936	
0.0421143	
0.0439453	
0.0460815	
0.0469971	
0.0476074	
0.0463867	
0.0442505	
0.0418091	
0.0390625	
0.0366211	
0.03479	
0.0350952	
0.0369263	
0.0402832	
0.0430298	
0.0448608	
0.0442505	
0.0421143	
0.0387573	
0.0360107	
0.03479	
0.0363159	
0.0387573	
0.0405884	
0.0411987	
0.0402832	
0.0384521	
0.0372314	
0.0363159	
0.0372314	
0.0375366	
0.0360107	
0.0344849	
0.0341797	
0.0369263	
0.0393677	
0.0390625	
0.0369263	
0.0360107	
0.0360107	
0.0369263	
0.0372314	
0.039978	
0.0430298	
0.0436401	
0.0402832	
0.0363159	
0.0357056	
0.038147	
0.0418091	
0.0442505	
0.0445557	
0.043335	
0.0411987	
0.039978	
0.0387573	
0.0393677	
0.0402832	
0.039978	
0.0372314	
0.0335693	
0.0308228	
0.0311279	
0.0314331	
0.0314331	
0.0305176	
0.0302124	
0.0308228	
0.032959	
0.0350952	
0.0357056	
0.0338745	
0.0311279	
0.0302124	
0.0308228	
0.0332642	
0.0360107	
0.0387573	
0.0402832	
0.0390625	
0.0369263	
0.03479	
0.0335693	
0.032959	
0.0332642	
0.0338745	
0.0335693	
0.0332642	
0.0332642	
0.0332642	
0.0335693	
0.032959	
0.032959	
0.032959	
0.0323486	
0.0311279	
0.0305176	
0.0311279	
0.0332642	
0.0335693	
0.032959	
0.0314331	
0.0292969	
0.0271606	
0.0231934	
0.0189209	
0.0164795	
0.0170898	
0.0192261	
0.0210571	
0.0222778	
0.0241089	
0.0271606	
0.0289917	
0.027771	
0.0262451	
0.0250244	
0.0256348	
0.027771	
0.027771	
0.027771	
0.0268555	
0.027771	
0.0302124	
0.0311279	
0.0308228	
0.0305176	
0.0308228	
0.0317383	
0.0323486	
0.0323486	
0.0332642	
0.0326538	
0.0323486	
0.0338745	
0.0350952	
0.0354004	
0.0320435	
0.0305176	
0.0308228	
0.0323486	
0.0332642	
0.0341797	
0.0369263	
0.0393677	
0.0390625	
0.0363159	
0.0335693	
0.0323486	
0.0314331	
0.0296021	
0.0271606	
0.0268555	
0.0296021	
0.0335693	
0.03479	
0.032959	
0.0299072	
0.0332642	
0.0512695	
0.0845337	
0.127563	
0.173035	
0.21759	
0.262451	
0.307312	
0.350037	
0.389099	
0.426941	
0.461426	
0.491943	
0.517273	
0.538635	
0.557251	
0.569763	
0.573425	
0.571289	
0.569153	
0.569153	
0.570068	
0.567932	
0.563354	
0.560608	
0.560303	
0.562134	
0.563049	
0.562744	
0.561523	
0.560913	
0.559998	
0.559082	
0.557556	
0.55542	
0.553589	
0.551453	
0.549927	
0.547485	
0.545349	
0.544739	
0.545959	
0.54657	
0.544128	
0.540466	
0.538635	
0.539246	
0.539856	
0.53894	
0.53772	
0.536194	
0.534058	
0.531006	
0.52887	
0.527954	
0.527344	
0.525513	
0.523987	
0.524292	
0.527039	
0.529785	
0.527344	
0.509338	
0.474548	
0.428772	
0.380249	
0.333252	
0.285339	
0.237427	
0.19165	
0.149841	
0.112915	
0.0845337	
0.0656128	
0.057373	
0.0564575	
0.057373	
0.0579834	
0.0564575	
0.0552368	
0.0537109	
0.0518799	
0.050354	
0.0485229	
0.0466919	
0.0448608	
0.043335	
0.0421143	
0.0402832	
0.0393677	
0.0390625	
0.0387573	
0.0375366	
0.0360107	
0.0369263	
0.039978	
0.0430298	
0.0415039	
0.0320435	
0.0161743	
-0.0012207	
-0.0131226	
-0.017395	
-0.0149536	
-0.0106812	
-0.00823975	
-0.00823975	
-0.00946045	
-0.0109863	
-0.0112915	
-0.010376	
-0.0088501	
-0.00854492	
-0.0088501	
-0.00946045	
-0.00976563	
-0.0115967	
-0.0134277	
-0.0152588	
-0.0170898	
-0.0180054	
-0.0180054	
-0.0167847	
-0.0143433	
-0.0134277	
-0.0128174	
-0.0119019	
-0.0109863	
-0.0106812	
-0.0115967	
-0.0140381	
-0.0158691	
-0.0167847	
-0.0180054	
-0.0198364	
-0.022583	
-0.0244141	
-0.0231934	
-0.020752	
-0.0180054	
-0.0158691	
-0.0158691	
-0.017395	
-0.0210571	
-0.0238037	
-0.0253296	
-0.0247192	
-0.0244141	
-0.0241089	
-0.0238037	
-0.0234985	
-0.0219727	
-0.0192261	
-0.015564	
-0.0143433	
-0.0152588	
-0.0183105	
-0.0177002	
-0.0152588	
-0.0143433	
-0.0164795	
-0.0198364	
-0.0216675	
-0.0213623	
-0.0180054	
-0.0161743	
-0.0238037	
-0.0485229	
-0.0857544	
-0.126343	
-0.1651	
-0.203552	
-0.244446	
-0.28656	
-0.325928	
-0.359497	
-0.388794	
-0.413513	
-0.43396	
-0.446472	
-0.45166	
-0.45105	
-0.447388	
-0.444946	
-0.444336	
-0.447388	
-0.450745	
-0.452881	
-0.454712	
-0.453186	
-0.45105	
-0.448303	
-0.447083	
-0.446472	
-0.445251	
-0.444641	
-0.445251	
-0.447693	
-0.448608	
-0.447693	
-0.445557	
-0.443726	
-0.441589	
-0.438843	
-0.435791	
-0.43457	
-0.435486	
-0.435486	
-0.434265	
-0.433044	
-0.433044	
-0.43335	
-0.43335	
-0.432434	
-0.431824	
-0.430298	
-0.428467	
-0.426025	
-0.423889	
-0.422668	
-0.422058	
-0.422974	
-0.4245	
-0.424805	
-0.423889	
-0.422668	
-0.422058	
-0.422058	
-0.420532	
-0.41748	
-0.414124	
-0.411987	
-0.414124	
-0.407715	
-0.38208	
-0.335083	
-0.277405	
-0.225525	
-0.180969	
-0.139465	
-0.100403	
-0.0610352	
-0.0244141	
0.00854492	
0.0360107	
0.0521851	
0.0582886	
0.055542	
0.0518799	
0.0509644	
0.0509644	
0.0488281	
0.045166	
0.0430298	
0.0421143	
0.043335	
0.043335	
0.0439453	
0.045166	
0.0473022	
0.0485229	
0.0485229	
0.0479126	
0.0482178	
0.0491333	
0.0497437	
0.0488281	
0.0479126	
0.0466919	
0.0460815	
0.0457764	
0.045166	
0.0454712	
0.0473022	
0.0509644	
0.0549316	
0.0567627	
0.0564575	
0.0534058	
0.0506592	
0.0476074	
0.0448608	
0.0396729	
0.0311279	
0.0210571	
0.015564	
0.0137329	
0.015564	
0.0164795	
0.017395	
0.0198364	
0.0204468	
0.0201416	
0.0195313	
0.0180054	
0.015564	
0.0115967	
0.0088501	
0.0088501	
0.0109863	
0.0119019	
0.0115967	
0.0106812	
0.00976563	
0.010376	
0.0115967	
0.0131226	
0.0146484	
0.0152588	
0.0149536	
0.0128174	
0.0106812	
0.00976563	
0.0115967	
0.0134277	
0.0143433	
0.0134277	
0.0109863	
0.00915527	
0.0088501	
0.00915527	
0.0106812	
0.0115967	
0.0134277	
0.015564	
0.0140381	
0.0100708	
0.00671387	
0.00579834	
0.00671387	
0.00640869	
0.00640869	
0.00640869	
0.00762939	
0.00793457	
0.00793457	
0.00854492	
0.00915527	
0.0106812	
0.0128174	
0.0134277	
0.0128174	
0.012207	
0.0119019	
0.0109863	
0.00915527	
0.00732422	
0.00671387	
0.00732422	
0.00823975	
0.00823975	
0.00915527	
0.0112915	
0.0134277	
0.0143433	
0.0140381	
0.0140381	
0.0149536	
0.0152588	
0.0149536	
0.0149536	
0.0146484	
0.0137329	
0.0112915	
0.010376	
0.0119019	
0.0134277	
0.0128174	
0.0161743	
0.0317383	
0.062561	
0.10498	
0.148621	
0.190735	
0.231018	
0.271912	
0.31311	
0.354309	
0.391541	
0.424805	
0.454102	
0.480652	
0.505371	
0.526123	
0.541992	
0.549622	
0.552368	
0.551147	
0.549622	
0.545959	
0.541992	
0.53833	
0.538635	
0.540771	
0.541382	
0.53833	
0.534668	
0.533447	
0.534973	
0.536499	
0.536499	
0.536804	
0.53772	
0.538025	
0.535889	
0.533142	
0.53009	
0.527344	
0.523376	
0.518799	
0.516968	
0.517273	
0.518799	
0.519104	
0.518799	
0.517273	
0.515747	
0.513611	
0.511475	
0.509644	
0.508118	
0.507202	
0.508423	
0.509644	
0.511169	
0.513916	
0.516663	
0.508423	
0.481262	
0.436707	
0.384827	
0.335693	
0.288696	
0.241394	
0.192871	
0.146484	
0.10376	
0.067749	
0.039978	
0.0183105	
0.00488281	
0.000610352	
0.0012207	
0.00274658	
-0.000305176	
-0.00244141	
-0.00244141	
-0.00183105	
-0.00427246	
-0.00671387	
-0.00610352	
-0.00274658	
0.000305176	
0.00152588	
0	
-0.00305176	
-0.00610352	
-0.00732422	
-0.00793457	
-0.00854492	
-0.00946045	
-0.00976563	
-0.0088501	
-0.00793457	
-0.00732422	
-0.00854492	
-0.00915527	
-0.00946045	
-0.00854492	
-0.0088501	
-0.0125122	
-0.0158691	
-0.0177002	
-0.0170898	
-0.0170898	
-0.0170898	
-0.0146484	
-0.010376	
-0.00640869	
-0.00579834	
-0.0100708	
-0.015564	
-0.0195313	
-0.0213623	
-0.0219727	
-0.0219727	
-0.0219727	
-0.0198364	
-0.017395	
-0.0152588	
-0.0134277	
-0.0134277	
-0.0143433	
-0.0158691	
-0.0180054	
-0.0198364	
-0.0222778	
-0.0241089	
-0.0234985	
-0.0204468	
-0.0180054	
-0.0170898	
-0.0198364	
-0.0204468	
-0.0167847	
-0.015564	
-0.0274658	
-0.0567627	
-0.0985718	
-0.143738	
-0.187073	
-0.230103	
-0.270996	
-0.307922	
-0.340271	
-0.367432	
-0.39032	
-0.408325	
-0.420837	
-0.427246	
-0.427856	
-0.426636	
-0.426941	
-0.429993	
-0.428467	
-0.426025	
-0.424805	
-0.427551	
-0.431213	
-0.429077	
-0.425415	
-0.423889	
-0.424805	
-0.427551	
-0.429688	
-0.431213	
-0.431519	
-0.429993	
-0.427551	
-0.42572	
-0.42511	
-0.426331	
-0.426025	
-0.421753	
-0.416565	
-0.414124	
-0.415955	
-0.419312	
-0.423889	
-0.432739	
-0.448608	
-0.467529	
-0.484924	
-0.497742	
-0.506897	
-0.511475	
-0.510559	
-0.504456	
-0.497131	
-0.493469	
-0.4953	
-0.498657	
-0.499878	
-0.498657	
-0.497742	
-0.500793	
-0.504761	
-0.505371	
-0.501709	
-0.496216	
-0.49408	
-0.49469	
-0.494995	
-0.494385	
-0.491943	
-0.490723	
-0.489502	
-0.490112	
-0.489502	
-0.487671	
-0.485229	
-0.484009	
-0.483704	
-0.483704	
-0.483398	
-0.482178	
-0.481873	
-0.480957	
-0.479431	
-0.480347	
-0.472107	
-0.445862	
-0.400696	
-0.34668	
-0.296631	
-0.25177	
-0.203552	
-0.153809	
-0.106201	
-0.0650024	
-0.0320435	
-0.00549316	
0.0167847	
0.0320435	
0.0372314	
0.0344849	
0.0317383	
0.032959	
0.0372314	
0.0387573	
0.0363159	
0.0335693	
0.0323486	
0.0320435	
0.0314331	
0.0283813	
0.0265503	
0.0259399	
0.0265503	
0.0256348	
0.0256348	
0.0262451	
0.0274658	
0.027771	
0.0271606	
0.0265503	
0.0250244	
0.0222778	
0.0204468	
0.0204468	
0.022583	
0.0234985	
0.022583	
0.0204468	
0.0192261	
0.0195313	
0.020752	
0.0213623	
0.0213623	
0.020752	
0.0210571	
0.022583	
0.0256348	
0.0283813	
0.0305176	
0.0302124	
0.0296021	
0.0289917	
0.0280762	
0.0271606	
0.0259399	
0.0253296	
0.0256348	
0.0271606	
0.0286865	
0.0286865	
0.027771	
0.0256348	
0.0247192	
0.0253296	
0.0274658	
0.0286865	
0.0286865	
0.0280762	
0.027771	
0.0265503	
0.0256348	
0.0247192	
0.0244141	
0.0262451	
0.0271606	
0.0274658	
0.0274658	
0.0280762	
0.0302124	
0.0323486	
0.0332642	
0.0326538	
0.0308228	
0.0299072	
0.0308228	
0.0323486	
0.0332642	
0.0323486	
0.0308228	
0.0305176	
0.0323486	
0.03479	
0.0354004	
0.03479	
0.0338745	
0.0326538	
0.0296021	
0.0265503	
0.0241089	
0.0253296	
0.0274658	
0.0289917	
0.0289917	
0.0280762	
0.0271606	
0.0268555	
0.0262451	
0.0253296	
0.0259399	
0.0271606	
0.0289917	
0.0299072	
0.0292969	
0.0274658	
0.0241089	
0.0213623	
0.0213623	
0.0228882	
0.0256348	
0.0268555	
0.0271606	
0.0262451	
0.0262451	
0.0271606	
0.0292969	
0.0299072	
0.0296021	
0.0286865	
0.0289917	
0.0283813	
0.0274658	
0.0262451	
0.0265503	
0.0268555	
0.0271606	
0.0305176	
0.0332642	
0.0338745	
0.0305176	
0.0268555	
0.0265503	
0.0280762	
0.0289917	
0.0283813	
0.0274658	
0.0268555	
0.0262451	
0.0262451	
0.0268555	
0.027771	
0.0280762	
0.0271606	
0.0265503	
0.0265503	
0.0274658	
0.027771	
0.0280762	
0.0271606	
0.0286865	
0.0296021	
0.0305176	
0.0283813	
0.0262451	
0.0238037	
0.0228882	
0.0238037	
0.0271606	
0.0305176	
0.0314331	
0.0296021	
0.0280762	
0.0280762	
0.0302124	
0.0311279	
0.0311279	
0.0289917	
0.027771	
0.0271606	
0.0265503	
0.0268555	
0.0283813	
0.0314331	
0.032959	
0.0323486	
0.0299072	
0.0289917	
0.0286865	
0.0289917	
0.0283813	
0.0274658	
0.0262451	
0.0256348	
0.0259399	
0.0271606	
0.0286865	
0.0286865	
0.0289917	
0.0292969	
0.0299072	
0.0299072	
0.0268555	
0.0219727	
0.0170898	
0.0143433	
0.0137329	
0.0170898	
0.0241089	
0.0354004	
0.0479126	
0.0561523	
0.0613403	
0.0634766	
0.0631714	
0.0640869	
0.0637817	
0.0634766	
0.0634766	
0.062561	
0.0628662	
0.0634766	
0.0634766	
0.0631714	
0.0613403	
0.06073	
0.06073	
0.06073	
0.0610352	
0.0613403	
0.0610352	
0.06073	
0.0598145	
0.0604248	
0.06073	
0.0610352	
0.06073	
0.0588989	
0.0585938	
0.0592041	
0.0604248	
0.0628662	
0.0650024	
0.0668335	
0.0674438	
0.0662231	
0.0643921	
0.0619507	
0.0585938	
0.0549316	
0.0524902	
0.0531006	
0.0561523	
0.0588989	
0.0613403	
0.0634766	
0.065918	
0.0671387	
0.0674438	
0.0662231	
0.0653076	
0.0631714	
0.0610352	
0.0595093	
0.0592041	
0.0588989	
0.0576782	
0.0598145	
0.0622559	
0.0637817	
0.0631714	
0.0619507	
0.0622559	
0.0643921	
0.0640869	
0.0616455	
0.0588989	
0.0570679	
0.057373	
0.0582886	
0.0582886	
0.057373	
0.0564575	
0.0552368	
0.0549316	
0.055542	
0.0582886	
0.0631714	
0.0665283	
0.0650024	
0.0595093	
0.0540161	
0.0524902	
0.0552368	
0.0592041	
0.06073	
0.0601196	
0.0585938	
0.0570679	
0.0552368	
0.0567627	
0.0634766	
0.072937	
0.0784302	
0.0765991	
0.0717163	
0.067749	
0.0665283	
0.0671387	
0.067749	
0.0689697	
0.0698853	
0.0704956	
0.0717163	
0.0723267	
0.072937	
0.072937	
0.072937	
0.0723267	
0.071106	
0.0701904	
0.0701904	
0.0695801	
0.0680542	
0.0668335	
0.0668335	
0.0674438	
0.0656128	
0.0631714	
0.0619507	
0.062561	
0.0640869	
0.0653076	
0.0656128	
0.065918	
0.0665283	
0.0668335	
0.0662231	
0.0643921	
0.0619507	
0.0598145	
0.0579834	
0.0585938	
0.0613403	
0.0643921	
0.0653076	
0.0634766	
0.0619507	
0.0619507	
0.062561	
0.0619507	
0.0604248	
0.0585938	
0.0582886	
0.0588989	
0.0592041	
0.0585938	
0.0567627	
0.0561523	
0.0576782	
0.0610352	
0.0634766	
0.0650024	
0.0640869	
0.062561	
0.0592041	
0.0549316	
0.0518799	
0.0506592	
0.0515747	
0.0537109	
0.0564575	
0.0592041	
0.0613403	
0.06073	
0.0598145	
0.0592041	
0.0595093	
0.0601196	
0.0592041	
0.0579834	
0.0576782	
0.057373	
0.0570679	
0.0543213	
0.0524902	
0.0527954	
0.0558472	
0.0595093	
0.0610352	
0.06073	
0.06073	
0.0601196	
0.0601196	
0.0585938	
0.057373	
0.0561523	
0.055542	
0.0537109	
0.0518799	
0.0506592	
0.0543213	
0.0598145	
0.0643921	
0.0656128	
0.0634766	
0.0622559	
0.0631714	
0.0646973	
0.0643921	
0.0595093	
0.0534058	
0.0500488	
0.0512695	
0.0549316	
0.0579834	
0.0582886	
0.0588989	
0.06073	
0.0634766	
0.065918	
0.065918	
0.0640869	
0.0576782	
0.0506592	
0.0540161	
0.0765991	
0.116272	
0.160522	
0.202332	
0.24292	
0.284729	
0.326843	
0.368042	
0.408325	
0.448608	
0.486755	
0.518799	
0.542297	
0.559692	
0.57312	
0.583191	
0.588684	
0.5896	
0.588684	
0.586548	
0.583801	
0.58197	
0.581665	
0.583496	
0.583496	
0.58075	
0.575867	
0.571899	
0.570679	
0.571594	
0.57312	
0.573425	
0.571594	
0.567932	
0.565491	
0.563965	
0.563965	
0.563354	
0.561523	
0.558472	
0.554199	
0.55481	
0.564575	
0.581055	
0.596619	
0.603333	
0.601196	
0.596008	
0.592957	
0.592651	
0.592041	
0.588989	
0.584106	
0.578918	
0.575256	
0.57312	
0.572815	
0.57373	
0.574646	
0.574646	
0.57312	
0.572205	
0.571289	
0.570068	
0.567932	
0.564575	
0.561523	
0.559692	
0.558777	
0.557861	
0.556335	
0.556335	
0.558777	
0.562744	
0.558472	
0.53772	
0.499573	
0.451965	
0.403748	
0.35675	
0.310059	
0.264893	
0.220642	
0.178528	
0.137939	
0.0991821	
0.0665283	
0.0439453	
0.032959	
0.0326538	
0.03479	
0.0354004	
0.0344849	
0.032959	
0.0326538	
0.0335693	
0.0341797	
0.0338745	
0.0311279	
0.0283813	
0.0271606	
0.0268555	
0.0283813	
0.0302124	
0.0302124	
0.0296021	
0.0292969	
0.0302124	
0.0308228	
0.0289917	
0.0283813	
0.0289917	
0.0305176	
0.0286865	
0.0198364	
0.00854492	
-0.00244141	
-0.00854492	
-0.0088501	
-0.00457764	
0	
0.000915527	
-0.000610352	
-0.00152588	
0.000610352	
0.00366211	
0.00213623	
-0.000915527	
-0.00427246	
-0.00640869	
-0.00793457	
-0.0106812	
-0.0112915	
-0.00823975	
-0.00518799	
-0.00518799	
-0.00762939	
-0.0106812	
-0.0106812	
-0.0112915	
-0.0131226	
-0.0152588	
-0.0161743	
-0.0167847	
-0.0128174	
-0.0100708	
-0.00671387	
-0.00701904	
-0.0177002	
-0.0396729	
-0.0735474	
-0.113525	
-0.15625	
-0.201111	
-0.248413	
-0.294495	
-0.330811	
-0.365906	
-0.400696	
-0.437622	
-0.471497	
-0.493469	
-0.507507	
-0.515747	
-0.52063	
-0.522156	
-0.520935	
-0.518799	
-0.519104	
-0.520935	
-0.522156	
-0.520325	
-0.516357	
-0.513	
-0.51239	
-0.514832	
-0.511169	
-0.510864	
-0.510864	
-0.518494	
-0.526428	
-0.53009	
-0.527649	
-0.523071	
-0.517883	
-0.514526	
-0.512085	
-0.510254	
-0.508423	
-0.506897	
-0.505676	
-0.50415	
-0.50415	
-0.503845	
-0.50354	
-0.502014	
-0.499268	
-0.498352	
-0.498962	
-0.499573	
-0.497742	
-0.493774	
-0.492249	
-0.49469	
-0.498352	
-0.498352	
-0.49469	
-0.489502	
-0.486755	
-0.486755	
-0.487671	
-0.487061	
-0.486145	
-0.48584	
-0.486755	
-0.48645	
-0.483704	
-0.480042	
-0.477905	
-0.4776	
-0.479126	
-0.471497	
-0.445557	
-0.400085	
-0.342102	
-0.28595	
-0.23407	
-0.186157	
-0.139771	
-0.0991821	
-0.0640869	
-0.0323486	
-0.00213623	
0.0259399	
0.0427246	
0.0460815	
0.0408936	
0.0296021	
0.0204468	
0.0195313	
0.027771	
0.039978	
0.0460815	
0.0445557	
0.0424194	
0.0421143	
0.0439453	
0.0445557	
0.043335	
0.0418091	
0.0415039	
0.0424194	
0.0421143	
0.0393677	
0.0357056	
0.0338745	
0.0357056	
0.0387573	
0.0402832	
0.0405884	
0.0405884	
0.0411987	
0.0427246	
0.0430298	
0.0430298	
0.0424194	
0.0408936	
0.039978	
0.0393677	
0.0405884	
0.0436401	
0.0469971	
0.0485229	
0.0485229	
0.0482178	
0.0488281	
0.0497437	
0.050354	
0.050354	
0.0509644	
0.0521851	
0.0521851	
0.0509644	
0.0479126	
0.0457764	
0.0460815	
0.0476074	
0.0482178	
0.0476074	
0.0457764	
0.045166	
0.0460815	
0.0488281	
0.0518799	
0.0540161	
0.0540161	
0.0537109	
0.0534058	
0.0537109	
0.0537109	
0.050354	
0.0454712	
0.0415039	
0.0427246	
0.0457764	
0.0494385	
0.0515747	
0.0524902	
0.0537109	
0.0534058	
0.0527954	
0.0518799	
0.050354	
0.0473022	
0.0421143	
0.0375366	
0.0360107	
0.0387573	
0.0427246	
0.045166	
0.0469971	
0.0476074	
0.0473022	
0.0454712	
0.0506592	
0.0671387	
0.0942993	
0.126648	
0.157776	
0.185242	
0.208435	
0.229492	
0.253601	
0.284119	
0.317688	
0.349121	
0.379639	
0.40741	
0.433655	
0.456543	
0.478821	
0.499268	
0.516357	
0.525818	
0.531311	
0.534973	
0.540466	
0.547791	
0.554504	
0.556335	
0.549622	
0.538025	
0.529175	
0.527649	
0.52948	
0.529785	
0.527954	
0.527039	
0.528259	
0.529785	
0.528259	
0.525818	
0.525818	
0.52887	
0.533142	
0.532532	
0.527039	
0.520325	
0.515747	
0.515747	
0.518799	
0.52124	
0.521545	
0.52063	
0.520325	
0.520935	
0.52002	
0.517578	
0.514221	
0.512085	
0.510559	
0.510254	
0.509949	
0.509644	
0.509338	
0.507813	
0.507202	
0.505981	
0.505676	
0.505066	
0.504456	
0.50293	
0.501404	
0.500183	
0.499878	
0.498962	
0.498352	
0.499268	
0.491638	
0.466919	
0.423279	
0.371399	
0.321045	
0.273438	
0.223999	
0.175171	
0.126953	
0.0836182	
0.0479126	
0.0231934	
0.00854492	
-0.000610352	
-0.00427246	
-0.00488281	
-0.00335693	
-0.00488281	
-0.0106812	
-0.0167847	
-0.020752	
-0.022583	
-0.0216675	
-0.0201416	
-0.0177002	
-0.0164795	
-0.0170898	
-0.0186157	
-0.0204468	
-0.0222778	
-0.0238037	
-0.0259399	
-0.0280762	
-0.0302124	
-0.0308228	
-0.0283813	
-0.0253296	
-0.022583	
-0.0213623	
-0.0201416	
-0.0201416	
-0.0204468	
-0.0216675	
-0.0228882	
-0.0256348	
-0.0292969	
-0.0317383	
-0.0317383	
-0.0299072	
-0.0244141	
-0.0238037	
-0.0354004	
-0.0619507	
-0.0991821	
-0.140076	
-0.18219	
-0.227356	
-0.271912	
-0.314331	
-0.355225	
-0.394897	
-0.4245	
-0.449829	
-0.468445	
-0.485229	
-0.496216	
-0.495605	
-0.490417	
-0.486145	
-0.48584	
-0.487061	
-0.487976	
-0.486145	
-0.483398	
-0.479736	
-0.475159	
-0.472717	
-0.472412	
-0.476685	
-0.483398	
-0.487976	
-0.487061	
-0.483093	
-0.478516	
-0.475769	
-0.474854	
-0.471497	
-0.466614	
-0.463562	
-0.464478	
-0.467224	
-0.466614	
-0.462952	
-0.463562	
-0.473938	
-0.489197	
-0.504761	
-0.518188	
-0.52887	
-0.536804	
-0.539551	
-0.536499	
-0.532532	
-0.530396	
-0.530396	
-0.532532	
-0.535583	
-0.539551	
-0.543213	
-0.543213	
-0.53894	
-0.531311	
-0.525208	
-0.521545	
-0.519714	
-0.517273	
-0.515442	
-0.515442	
-0.516357	
-0.518188	
-0.520935	
-0.523987	
-0.526428	
-0.525818	
-0.521851	
-0.515137	
-0.506592	
-0.502625	
-0.494385	
-0.469666	
-0.422363	
-0.360718	
-0.301819	
-0.250244	
-0.198975	
-0.14679	
-0.0979614	
-0.0552368	
-0.020752	
0.00671387	
0.0262451	
0.0366211	
0.0396729	
0.039978	
0.0411987	
0.043335	
0.0442505	
0.0442505	
0.0436401	
0.0421143	
0.0405884	
0.0387573	
0.0390625	
0.039978	
0.039978	
0.0408936	
0.0427246	
0.0448608	
0.0454712	
0.0439453	
0.0418091	
0.039978	
0.038147	
0.0369263	
0.0350952	
0.0341797	
0.0344849	
0.0350952	
0.03479	
0.0335693	
0.0323486	
0.0314331	
0.0302124	
0.0286865	
0.0268555	
0.0250244	
0.0234985	
0.0216675	
0.020752	
0.0210571	
0.0228882	
0.0250244	
0.0280762	
0.0305176	
0.0308228	
0.0308228	
0.0311279	
0.032959	
0.0338745	
0.0308228	
0.0265503	
0.0244141	
0.0262451	
0.0286865	
0.0305176	
0.0299072	
0.0286865	
0.027771	
0.0286865	
0.0317383	
0.0335693	
0.03479	
0.0354004	
0.03479	
0.0326538	
0.0289917	
0.0274658	
0.0289917	
0.0320435	
0.0341797	
0.0350952	
0.03479	
0.0338745	
0.0341797	
0.0350952	
0.0363159	
0.0372314	
0.0369263	
0.0366211	
0.0360107	
0.0354004	
0.0323486	
0.0289917	
0.027771	
0.0302124	
0.0326538	
0.03479	
0.0363159	
0.0363159	
0.0360107	
0.0341797	
0.0350952	
0.0372314	
0.0378418	
0.0354004	
0.0308228	
0.027771	
0.0262451	
0.0268555	
0.0296021	
0.032959	
0.0350952	
0.0332642	
0.0299072	
0.0286865	
0.0308228	
0.0326538	
0.0317383	
0.0305176	
0.0286865	
0.0292969	
0.0296021	
0.0289917	
0.0289917	
0.0292969	
0.0302124	
0.0305176	
0.0296021	
0.027771	
0.0259399	
0.0262451	
0.0280762	
0.0296021	
0.0289917	
0.0265503	
0.0247192	
0.0250244	
0.0259399	
0.0259399	
0.0259399	
0.0274658	
0.0292969	
0.0305176	
0.0308228	
0.0305176	
0.0314331	
0.0311279	
0.0305176	
0.027771	
0.0253296	
0.0238037	
0.0234985	
0.0238037	
0.0250244	
0.0271606	
0.0286865	
0.0289917	
0.0280762	
0.0268555	
0.0268555	
0.0256348	
0.0238037	
0.0216675	
0.0198364	
0.0180054	
0.0167847	
0.0158691	
0.0158691	
0.0161743	
0.0170898	
0.0195313	
0.0234985	
0.0265503	
0.0283813	
0.0268555	
0.0231934	
0.0198364	
0.0186157	
0.0198364	
0.0213623	
0.0216675	
0.0219727	
0.022583	
0.0231934	
0.0238037	
0.0299072	
0.0418091	
0.0564575	
0.0708008	
0.0817871	
0.088501	
0.0897217	
0.0875854	
0.0854492	
0.0866699	
0.0872803	
0.0860596	
0.0839233	
0.0823975	
0.0814819	
0.0802612	
0.0808716	
0.0830078	
0.0848389	
0.0860596	
0.0857544	
0.0854492	
0.0842285	
0.0836182	
0.0830078	
0.0820923	
0.0802612	
0.0790405	
0.0799561	
0.0830078	
0.0854492	
0.085144	
0.0823975	
0.0796509	
0.0775146	
0.0778198	
0.0796509	
0.0817871	
0.0839233	
0.0842285	
0.0830078	
0.0808716	
0.0784302	
0.0778198	
0.0784302	
0.0787354	
0.0787354	
0.078125	
0.0787354	
0.0772095	
0.0769043	
0.078125	
0.0817871	
0.085144	
0.0860596	
0.0842285	
0.0817871	
0.0802612	
0.0787354	
0.0784302	
0.0784302	
0.0793457	
0.0805664	
0.0811768	
0.0796509	
0.0778198	
0.078125	
0.0802612	
0.0827026	
0.0827026	
0.0817871	
0.0811768	
0.0817871	
0.0839233	
0.0836182	
0.0814819	
0.0784302	
0.0775146	
0.0784302	
0.0796509	
0.0796509	
0.0772095	
0.0756836	
0.0756836	
0.0772095	
0.0775146	
0.0762939	
0.0747681	
0.0738525	
0.0744629	
0.0750732	
0.0741577	
0.072937	
0.071106	
0.0708008	
0.0704956	
0.0708008	
0.0720215	
0.0747681	
0.0775146	
0.0778198	
0.0750732	
0.0717163	
0.0698853	
0.0714111	
0.0735474	
0.0738525	
0.0726318	
0.0714111	
0.0720215	
0.072937	
0.0723267	
0.0701904	
0.0683594	
0.067749	
0.0683594	
0.0698853	
0.0704956	
0.0704956	
0.067749	
0.0646973	
0.0616455	
0.0613403	
0.0631714	
0.0653076	
0.0662231	
0.0646973	
0.062561	
0.0616455	
0.0619507	
0.062561	
0.0622559	
0.0616455	
0.062561	
0.0640869	
0.0656128	
0.065918	
0.0637817	
0.0613403	
0.0598145	
0.0598145	
0.0628662	
0.065918	
0.0680542	
0.0686646	
0.0671387	
0.0653076	
0.0643921	
0.0650024	
0.0656128	
0.0668335	
0.067749	
0.0695801	
0.0701904	
0.0689697	
0.0665283	
0.0646973	
0.0656128	
0.0674438	
0.0689697	
0.0692749	
0.0686646	
0.0689697	
0.0698853	
0.0704956	
0.0698853	
0.0674438	
0.0646973	
0.062561	
0.0610352	
0.0598145	
0.0595093	
0.0592041	
0.0592041	
0.0582886	
0.0585938	
0.0595093	
0.0616455	
0.0628662	
0.0634766	
0.0631714	
0.0619507	
0.0601196	
0.0585938	
0.057373	
0.0576782	
0.0567627	
0.055542	
0.0552368	
0.0549316	
0.0552368	
0.0558472	
0.0570679	
0.0592041	
0.0610352	
0.0628662	
0.0643921	
0.0643921	
0.0619507	
0.0588989	
0.0567627	
0.0579834	
0.0595093	
0.0610352	
0.06073	
0.0601196	
0.0588989	
0.0567627	
0.055542	
0.0549316	
0.0552368	
0.0552368	
0.0558472	
0.0570679	
0.0585938	
0.0582886	
0.0567627	
0.0543213	
0.0527954	
0.0509644	
0.0515747	
0.0527954	
0.0537109	
0.0552368	
0.0561523	
0.0576782	
0.0588989	
0.0598145	
0.0613403	
0.0631714	
0.0646973	
0.0643921	
0.062561	
0.0598145	
0.0579834	
0.0564575	
0.0549316	
0.0531006	
0.0518799	
0.0524902	
0.0540161	
0.0549316	
0.055542	
0.0558472	
0.055542	
0.0582886	
0.0695801	
0.0924683	
0.125427	
0.162048	
0.201721	
0.244141	
0.286865	
0.327759	
0.362549	
0.394592	
0.422974	
0.449524	
0.471802	
0.487061	
0.493164	
0.491333	
0.48584	
0.481567	
0.479431	
0.478821	
0.47821	
0.4776	
0.478516	
0.479126	
0.477295	
0.473633	
0.470886	
0.470276	
0.470886	
0.471191	
0.470276	
0.469666	
0.469055	
0.466919	
0.462952	
0.4599	
0.45929	
0.458984	
0.459595	
0.4599	
0.460815	
0.462646	
0.463867	
0.464172	
0.462952	
0.459595	
0.455627	
0.452271	
0.450134	
0.449829	
0.450134	
0.449829	
0.448914	
0.447693	
0.449219	
0.452271	
0.453796	
0.453186	
0.449219	
0.444336	
0.442505	
0.4422	
0.444336	
0.445557	
0.445557	
0.443115	
0.440369	
0.438232	
0.438538	
0.440674	
0.441895	
0.441284	
0.439148	
0.436096	
0.432739	
0.428772	
0.4245	
0.422058	
0.422058	
0.423584	
0.42572	
0.42572	
0.424805	
0.420837	
0.406189	
0.379333	
0.341492	
0.300598	
0.260925	
0.222168	
0.185852	
0.151062	
0.12207	
0.100403	
0.0888062	
0.0860596	
0.0860596	
0.0848389	
0.0808716	
0.0769043	
0.0753784	
0.0744629	
0.0747681	
0.0750732	
0.0759888	
0.0762939	
0.0747681	
0.0726318	
0.0708008	
0.0717163	
0.0738525	
0.0753784	
0.0756836	
0.072937	
0.0695801	
0.0680542	
0.0656128	
0.0564575	
0.0411987	
0.0256348	
0.0152588	
0.0106812	
0.0088501	
0.00976563	
0.0112915	
0.0109863	
0.00823975	
0.00549316	
0.00366211	
0.00152588	
-0.0012207	
-0.00213623	
-0.000915527	
0.000915527	
0.00244141	
0.00152588	
0	
-0.000610352	
-0.000305176	
0	
0	
0	
0.000305176	
0.00152588	
0.00152588	
-0.000305176	
-0.00213623	
-0.00305176	
-0.0012207	
0.000610352	
0.0012207	
0	
-0.00152588	
-0.00274658	
-0.00305176	
-0.00305176	
-0.00457764	
-0.00762939	
-0.0088501	
-0.0088501	
-0.00823975	
-0.0088501	
-0.00823975	
-0.00610352	
-0.00427246	
-0.00640869	
-0.0115967	
-0.0158691	
-0.0177002	
-0.0180054	
-0.0241089	
-0.0405884	
-0.0683594	
-0.103455	
-0.139465	
-0.177002	
-0.21698	
-0.258789	
-0.301819	
-0.343018	
-0.379333	
-0.411072	
-0.436096	
-0.453796	
-0.462646	
-0.462952	
-0.460205	
-0.458374	
-0.4599	
-0.462952	
-0.464478	
-0.464172	
-0.462952	
-0.462646	
-0.464172	
-0.466614	
-0.466919	
-0.464783	
-0.461731	
-0.459595	
-0.458069	
-0.456543	
-0.454712	
-0.452881	
-0.451355	
-0.449524	
-0.448914	
-0.448608	
-0.449219	
-0.448914	
-0.449219	
-0.448303	
-0.446167	
-0.441895	
-0.437622	
-0.435181	
-0.434875	
-0.435791	
-0.435791	
-0.435181	
-0.43457	
-0.435486	
-0.437012	
-0.437927	
-0.436707	
-0.435181	
-0.433655	
-0.432129	
-0.429688	
-0.428162	
-0.427856	
-0.427246	
-0.427246	
-0.427246	
-0.426331	
-0.410767	
-0.377502	
-0.328674	
-0.278015	
-0.233154	
-0.192871	
-0.154724	
-0.117493	
-0.0796509	
-0.0445557	
-0.0137329	
0.0119019	
0.0302124	
0.0418091	
0.045166	
0.0430298	
0.0402832	
0.0378418	
0.0363159	
0.0335693	
0.0308228	
0.0299072	
0.0311279	
0.0326538	
0.0332642	
0.0323486	
0.0326538	
0.03479	
0.0369263	
0.0369263	
0.0350952	
0.0320435	
0.0299072	
0.0283813	
0.0274658	
0.0265503	
0.0256348	
0.0259399	
0.0271606	
0.0289917	
0.0302124	
0.0305176	
0.0314331	
0.0317383	
0.0320435	
0.0314331	
0.0286865	
0.0250244	
0.0228882	
0.0247192	
0.0296021	
0.03479	
0.0366211	
0.0366211	
0.0354004	
0.0332642	
0.0311279	
0.0289917	
0.0283813	
0.0286865	
0.0299072	
0.0314331	
0.0317383	
0.0314331	
0.0311279	
0.0308228	
0.0317383	
0.0323486	
0.0326538	
0.0323486	
0.0311279	
0.0296021	
0.0286865	
0.0271606	
0.0271606	
0.0280762	
0.0299072	
0.032959	
0.0338745	
0.0323486	
0.0265503	
0.0234985	
0.0250244	
0.0289917	
0.0314331	
0.0283813	
0.0259399	
0.0253296	
0.0259399	
0.0259399	
0.0256348	
0.027771	
0.0314331	
0.0341797	
0.03479	
0.0341797	
0.0323486	
0.0311279	
0.0296021	
0.0299072	
0.0314331	
0.0314331	
0.0332642	
0.0442505	
0.0668335	
0.100403	
0.137939	
0.176086	
0.213623	
0.249939	
0.282898	
0.314026	
0.343018	
0.369873	
0.396729	
0.420227	
0.437012	
0.445557	
0.450745	
0.456238	
0.461426	
0.461426	
0.457764	
0.453491	
0.451355	
0.451355	
0.450439	
0.450134	
0.449219	
0.449829	
0.450439	
0.45166	
0.452576	
0.452881	
0.452576	
0.450134	
0.446472	
0.44281	
0.440369	
0.440063	
0.440674	
0.440979	
0.440979	
0.440369	
0.438843	
0.437012	
0.435791	
0.43396	
0.431824	
0.428467	
0.426025	
0.425415	
0.426331	
0.427246	
0.426636	
0.424194	
0.421448	
0.420532	
0.421753	
0.422058	
0.421753	
0.420837	
0.420532	
0.419312	
0.41626	
0.413208	
0.411682	
0.412598	
0.413513	
0.413208	
0.411377	
0.409546	
0.40802	
0.406799	
0.407715	
0.410461	
0.413208	
0.412292	
0.40741	
0.402832	
0.401306	
0.403748	
0.407104	
0.400085	
0.376892	
0.340881	
0.300903	
0.263062	
0.223694	
0.180054	
0.137024	
0.100403	
0.0704956	
0.0466919	
0.0289917	
0.0189209	
0.0152588	
0.0143433	
0.0146484	
0.0143433	
0.0128174	
0.0112915	
0.0115967	
0.012207	
0.0128174	
0.010376	
0.00671387	
0.00488281	
0.00488281	
0.00610352	
0.00732422	
0.00946045	
0.0115967	
0.0128174	
0.0128174	
0.0115967	
0.00946045	
0.00671387	
0.00488281	
0.00549316	
0.00427246	
-0.00488281	
-0.020752	
-0.0372314	
-0.0473022	
-0.0488281	
-0.0460815	
-0.0442505	
-0.0427246	
-0.0424194	
-0.0408936	
-0.0408936	
-0.0427246	
-0.0442505	
-0.0448608	
-0.0445557	
-0.0457764	
-0.0476074	
-0.0488281	
-0.0485229	
-0.0482178	
-0.0494385	
-0.0518799	
-0.0537109	
-0.0552368	
-0.0567627	
-0.0570679	
-0.0564575	
-0.0558472	
-0.0558472	
-0.0564575	
-0.0567627	
-0.0567627	
-0.0610352	
-0.0756836	
-0.100098	
-0.133057	
-0.168457	
-0.20752	
-0.248108	
-0.288696	
-0.328369	
-0.366821	
-0.404053	
-0.430603	
-0.445862	
-0.449829	
-0.448914	
-0.447083	
-0.446777	
-0.447083	
-0.447693	
-0.447998	
-0.446777	
-0.447083	
-0.446472	
-0.445251	
-0.442505	
-0.440674	
-0.440674	
-0.442505	
-0.444641	
-0.445862	
-0.445862	
-0.444031	
-0.440674	
-0.436707	
-0.432739	
-0.429993	
-0.430298	
-0.432434	
-0.43335	
-0.433044	
-0.431213	
-0.430908	
-0.431213	
-0.431213	
-0.430908	
-0.430298	
-0.430298	
-0.428772	
-0.426331	
-0.4245	
-0.423889	
-0.423279	
-0.421143	
-0.417786	
-0.416565	
-0.418396	
-0.421448	
-0.423584	
-0.423279	
-0.422363	
-0.419312	
-0.416565	
-0.415039	
-0.414734	
-0.414429	
-0.412598	
-0.410461	
-0.409851	
-0.410156	
-0.411682	
-0.412598	
-0.412903	
-0.411377	
-0.40802	
-0.404358	
-0.402222	
-0.402527	
-0.403748	
-0.403442	
-0.403137	
-0.403137	
-0.404358	
-0.407104	
-0.407715	
-0.391541	
-0.355835	
-0.303955	
-0.248718	
-0.2005	
-0.15564	
-0.114136	
-0.0741577	
-0.0378418	
-0.00854492	
0.012207	
0.0234985	
0.0271606	
0.0259399	
0.0234985	
0.022583	
0.0234985	
0.0253296	
0.0250244	
0.0228882	
0.0201416	
0.0189209	
0.0201416	
0.0228882	
0.0247192	
0.0253296	
0.0253296	
0.0259399	
0.0265503	
0.0268555	
0.0262451	
0.0250244	
0.0234985	
0.0231934	
0.0256348	
0.0280762	
0.0286865	
0.0262451	
0.0234985	
0.0204468	
0.0189209	
0.017395	
0.0180054	
0.0192261	
0.0204468	
0.0213623	
0.0210571	
0.0210571	
0.020752	
0.0213623	
0.0228882	
0.0253296	
0.0274658	
0.0286865	
0.0292969	
0.0296021	
0.0283813	
0.0262451	
0.0244141	
0.0234985	
0.0228882	
0.0228882	
0.0238037	
0.0259399	
0.0271606	
0.0265503	
0.0259399	
0.0256348	
0.0259399	
0.0256348	
0.0231934	
0.0201416	
0.0189209	
0.0201416	
0.0222778	
0.0231934	
0.0213623	
0.0195313	
0.020752	
0.0238037	
0.0262451	
0.0265503	
0.0265503	
0.027771	
0.0289917	
0.0289917	
0.027771	
0.0265503	
0.0256348	
0.0234985	
0.020752	
0.0192261	
0.0195313	
0.0213623	
0.0231934	
0.0253296	
0.0265503	
0.0280762	
0.0265503	
0.0241089	
0.0222778	
0.0234985	
0.0253296	
0.0259399	
0.0234985	
0.0213623	
0.0219727	
0.0247192	
0.027771	
0.0296021	
0.0299072	
0.0296021	
0.0289917	
0.0292969	
0.0289917	
0.027771	
0.0253296	
0.0238037	
0.0250244	
0.0262451	
0.0256348	
0.0231934	
0.0204468	
0.0195313	
0.0201416	
0.0210571	
0.0216675	
0.0228882	
0.0247192	
0.0265503	
0.0283813	
0.0289917	
0.0299072	
0.0308228	
0.0305176	
0.0280762	
0.0253296	
0.0238037	
0.0247192	
0.0265503	
0.0286865	
0.0305176	
0.0305176	
0.0296021	
0.0286865	
0.0280762	
0.0280762	
0.027771	
0.0283813	
0.0283813	
0.027771	
0.0271606	
0.0268555	
0.0274658	
0.0280762	
0.0289917	
0.0302124	
0.0314331	
0.0308228	
0.0296021	
0.0296021	
0.0335693	
0.039978	
0.0460815	
0.0488281	
0.0491333	
0.0491333	
0.0506592	
0.0527954	
0.0552368	
0.0558472	
0.0564575	
0.0567627	
0.0570679	
0.0570679	
0.0546265	
0.0518799	
0.050354	
0.0512695	
0.0534058	
0.0540161	
0.0546265	
0.0552368	
0.0552368	
0.0552368	
0.055542	
0.0570679	
0.0564575	
0.0527954	
0.0463867	
0.0418091	
0.0421143	
0.0454712	
0.0500488	
0.0534058	
0.0546265	
0.0549316	
0.0540161	
0.0531006	
0.0534058	
0.0549316	
0.0567627	
0.0570679	
0.0561523	
0.0537109	
0.0509644	
0.0482178	
0.0482178	
0.050354	
0.0537109	
0.055542	
0.055542	
0.0558472	
0.0561523	
0.0558472	
0.0543213	
0.0527954	
0.0518799	
0.0506592	
0.0500488	
0.0485229	
0.0463867	
0.0442505	
0.0418091	
0.0415039	
0.0424194	
0.0436401	
0.0448608	
0.0460815	
0.0469971	
0.0476074	
0.0476074	
0.0454712	
0.0439453	
0.043335	
0.0457764	
0.0491333	
0.0512695	
0.0512695	
0.050354	
0.0494385	
0.0482178	
0.0466919	
0.0469971	
0.0482178	
0.0497437	
0.0491333	
0.0482178	
0.0479126	
0.0473022	
0.0457764	
0.0442505	
0.0424194	
0.0421143	
0.0421143	
0.0402832	
0.0411987	
0.0430298	
0.0454712	
0.0460815	
0.045166	
0.0424194	
0.0415039	
0.0405884	
0.0421143	
0.0445557	
0.0466919	
0.0466919	
0.0445557	
0.0418091	
0.0396729	
0.0396729	
0.039978	
0.0411987	
0.0418091	
0.0430298	
0.0442505	
0.0442505	
0.0430298	
0.0411987	
0.0408936	
0.0405884	
0.0402832	
0.0384521	
0.0372314	
0.0378418	
0.0393677	
0.039978	
0.0393677	
0.0378418	
0.0366211	
0.0369263	
0.0372314	
0.0378418	
0.0369263	
0.0363159	
0.0369263	
0.0384521	
0.0390625	
0.038147	
0.0360107	
0.0338745	
0.032959	
0.0341797	
0.0357056	
0.0369263	
0.0369263	
0.0354004	
0.0326538	
0.0308228	
0.0305176	
0.0320435	
0.0323486	
0.0326538	
0.0338745	
0.0360107	
0.0378418	
0.0378418	
0.0357056	
0.0341797	
0.0332642	
0.0326538	
0.0320435	
0.0311279	
0.0311279	
0.0311279	
0.0299072	
0.027771	
0.0259399	
0.0262451	
0.0286865	
0.0323486	
0.0344849	
0.0332642	
0.0308228	
0.0299072	
0.0314331	
0.0332642	
0.0338745	
0.0338745	
0.0341797	
0.0350952	
0.0338745	
0.0317383	
0.0296021	
0.0280762	
0.0274658	
0.0274658	
0.0280762	
0.0296021	
0.0317383	
0.0338745	
0.0350952	
0.03479	
0.03479	
0.0360107	
0.0363159	
0.0354004	
0.0335693	
0.0326538	
0.0335693	
0.0344849	
0.03479	
0.0341797	
0.0332642	
0.0320435	
0.0314331	
0.0311279	
0.0311279	
0.032959	
0.0344849	
0.0360107	
0.0354004	
0.0320435	
0.0286865	
0.0259399	
0.0250244	
0.0244141	
0.0234985	
0.0231934	
0.0256348	
0.0280762	
0.0302124	
0.0305176	
0.0302124	
0.0305176	
0.0308228	
0.0314331	
0.0308228	
0.0286865	
0.0253296	
0.0234985	
0.0247192	
0.027771	
0.0302124	
0.0305176	
0.0305176	
0.0311279	
0.0308228	
0.0302124	
0.0289917	
0.0283813	
0.0286865	
0.0283813	
0.0280762	
0.0274658	
0.0271606	
0.027771	
0.0296021	
0.0308228	
0.0299072	
0.0286865	
0.0286865	
0.0296021	
0.0305176	
0.0308228	
0.0305176	
0.0302124	
0.0305176	
0.0314331	
0.0320435	
0.0314331	
0.0296021	
0.0265503	
0.0247192	
0.0238037	
0.0247192	
0.0274658	
0.0292969	
0.0302124	
0.0286865	
0.0262451	
0.0234985	
0.0219727	
0.0222778	
0.0241089	
0.0259399	
0.0280762	
0.0292969	
0.0299072	
0.0299072	
0.0311279	
0.0335693	
0.0338745	
0.0320435	
0.0274658	
0.0244141	
0.0231934	
0.0238037	
0.0244141	
0.0250244	
0.0256348	
0.0262451	
0.0265503	
0.0262451	
0.0253296	
0.0244141	
0.0241089	
0.0253296	
0.0268555	
0.0280762	
0.0280762	
0.0253296	
0.0302124	
0.0457764	
0.0741577	
0.109253	
0.144653	
0.178223	
0.209351	
0.236511	
0.261841	
0.281372	
0.292664	
0.2948	
0.290833	
0.28717	
0.28595	
0.286865	
0.288696	
0.287476	
0.284729	
0.282288	
0.282288	
0.282288	
0.281067	
0.27832	
0.276794	
0.276184	
0.275574	
0.275879	
0.276489	
0.27771	
0.279236	
0.279236	
0.279846	
0.280151	
0.279846	
0.278015	
0.275269	
0.273438	
0.273132	
0.272827	
0.273438	
0.275269	
0.276489	
0.276184	
0.274658	
0.272217	
0.270691	
0.26886	
0.265808	
0.264282	
0.263672	
0.265198	
0.267334	
0.266418	
0.265503	
0.264587	
0.265198	
0.264893	
0.263062	
0.26062	
0.258484	
0.257568	
0.257874	
0.258179	
0.254517	
0.246277	
0.237732	
0.233459	
0.23468	
0.235901	
0.23468	
0.232849	
0.231628	
0.230103	
0.230408	
0.232849	
0.237427	
0.235596	
0.221252	
0.197449	
0.166016	
0.133362	
0.0994873	
0.0680542	
0.0439453	
0.0280762	
0.0189209	
0.015564	
0.0158691	
0.0170898	
0.0180054	
0.0189209	
0.0216675	
0.0234985	
0.0228882	
0.020752	
0.0186157	
0.017395	
0.0158691	
0.0152588	
0.0164795	
0.0189209	
0.0183105	
0.0149536	
0.0125122	
0.0143433	
0.017395	
0.0186157	
0.0186157	
0.0198364	
0.0210571	
0.0201416	
0.0170898	
0.0140381	
0.010376	
0.00732422	
0.00518799	
0.00488281	
0.00518799	
0.00457764	
0.00518799	
0.00671387	
0.00823975	
0.00823975	
0.00640869	
0.00518799	
0.00427246	
0.0012207	
-0.00640869	
-0.0170898	
-0.0241089	
-0.0228882	
-0.0167847	
-0.0119019	
-0.0119019	
-0.0137329	
-0.0152588	
-0.0143433	
-0.0128174	
-0.0131226	
-0.0143433	
-0.0149536	
-0.0152588	
-0.0161743	
-0.0189209	
-0.0204468	
-0.0201416	
-0.0198364	
-0.0186157	
-0.0180054	
-0.0158691	
-0.0143433	
-0.0146484	
-0.0149536	
-0.0137329	
-0.0125122	
-0.0140381	
-0.0268555	
-0.050354	
-0.0814819	
-0.116577	
-0.151978	
-0.186768	
-0.220642	
-0.249939	
-0.26947	
-0.276794	
-0.273743	
-0.269775	
-0.270081	
-0.271606	
-0.271606	
-0.270691	
-0.271606	
-0.274353	
-0.273743	
-0.272217	
-0.269775	
-0.270386	
-0.270691	
-0.26947	
-0.267029	
-0.264587	
-0.263367	
-0.263062	
-0.265198	
-0.26947	
-0.274048	
-0.276184	
-0.273743	
-0.269775	
-0.267029	
-0.266113	
-0.266418	
-0.265198	
-0.263977	
-0.264587	
-0.267029	
-0.26886	
-0.26825	
-0.266418	
-0.265808	
-0.265808	
-0.265808	
-0.263977	
-0.26123	
-0.258484	
-0.258179	
-0.260925	
-0.263367	
-0.264282	
-0.263672	
-0.264282	
-0.267334	
-0.268555	
-0.258484	
-0.231323	
-0.190735	
-0.1474	
-0.107727	
-0.072937	
-0.0375366	
-0.00518799	
0.0189209	
0.0320435	
0.0360107	
0.0363159	
0.0350952	
0.0344849	
0.03479	
0.0354004	
0.0350952	
0.0335693	
0.0323486	
0.0320435	
0.0326538	
0.0338745	
0.03479	
0.0332642	
0.0299072	
0.0271606	
0.027771	
0.0289917	
0.0296021	
0.0274658	
0.0265503	
0.027771	
0.0299072	
0.0308228	
0.0305176	
0.0299072	
0.0305176	
0.0311279	
0.0314331	
0.0320435	
0.0317383	
0.0305176	
0.0286865	
0.0274658	
0.0271606	
0.0280762	
0.0296021	
0.0317383	
0.032959	
0.0326538	
0.0302124	
0.0262451	
0.022583	
0.0210571	
0.0219727	
0.0231934	
0.0247192	
0.0262451	
0.0274658	
0.0280762	
0.0256348	
0.0210571	
0.0164795	
0.0146484	
0.0170898	
0.0219727	
0.0247192	
0.0241089	
0.0201416	
0.0164795	
0.015564	
0.017395	
0.020752	
0.0238037	
0.0253296	
0.0253296	
0.0253296	
0.0253296	
0.0259399	
0.0265503	
0.0268555	
0.0253296	
0.0234985	
0.022583	
0.0231934	
0.0238037	
0.0238037	
0.0241089	
0.0244141	
0.0216675	
0.0186157	
0.0167847	
0.0186157	
0.0213623	
0.022583	
0.0222778	
0.015564	
0.00366211	
-0.00274658	
0.000915527	
0.0131226	
0.0216675	
0.0228882	
0.0231934	
0.0241089	
0.0244141	
0.0216675	
0.0167847	
0.0137329	
0.0134277	
0.0140381	
0.0161743	
0.0186157	
0.0204468	
0.0213623	
0.0192261	
0.0164795	
0.0143433	
0.0137329	
0.012207	
0.0149536	
0.027771	
0.0524902	
0.0854492	
0.119629	
0.150452	
0.177917	
0.201721	
0.220032	
0.230713	
0.233459	
0.231018	
0.228271	
0.226746	
0.223999	
0.220642	
0.218506	
0.220337	
0.223999	
0.22583	
0.224915	
0.222473	
0.220642	
0.220337	
0.221252	
0.222168	
0.222168	
0.220642	
0.21637	
0.212402	
0.210571	
0.210876	
0.213623	
0.21637	
0.218506	
0.220337	
0.220947	
0.219727	
0.216675	
0.212097	
0.209351	
0.207214	
0.206604	
0.206299	
0.206604	
0.209045	
0.212708	
0.215759	
0.21759	
0.21637	
0.206299	
0.187073	
0.159302	
0.128784	
0.0979614	
0.0665283	
0.0405884	
0.027771	
0.0302124	
0.0418091	
0.0512695	
0.0540161	
0.0524902	
0.0509644	
0.0515747	
0.0521851	
0.0531006	
0.0537109	
0.0527954	
0.0506592	
0.0476074	
0.0460815	
0.0454712	
0.0448608	
0.0445557	
0.0454712	
0.0476074	
0.0500488	
0.0500488	
0.0491333	
0.0473022	
0.0457764	
0.0436401	
0.0421143	
0.0408936	
0.0396729	
0.0387573	
0.0387573	
0.0390625	
0.0405884	
0.0408936	
0.039978	
0.0375366	
0.0369263	
0.0369263	
0.0372314	
0.0341797	
0.0299072	
0.0250244	
0.0234985	
0.0247192	
0.0280762	
0.0305176	
0.0311279	
0.0296021	
0.0192261	
-0.00183105	
-0.0320435	
-0.0637817	
-0.0958252	
-0.127258	
-0.155334	
-0.175476	
-0.186462	
-0.190735	
-0.191345	
-0.189514	
-0.187378	
-0.185852	
-0.186157	
-0.187378	
-0.187683	
-0.187683	
-0.187073	
-0.187378	
-0.189819	
-0.192261	
-0.193481	
-0.193481	
-0.192871	
-0.192566	
-0.193176	
-0.192871	
-0.191956	
-0.19165	
-0.19165	
-0.192566	
-0.192566	
-0.190735	
-0.189209	
-0.196533	
-0.209656	
-0.223389	
-0.232239	
-0.234375	
-0.233765	
-0.230713	
-0.227966	
-0.227356	
-0.228882	
-0.229797	
-0.227966	
-0.225525	
-0.224915	
-0.224609	
-0.22583	
-0.227661	
-0.228882	
-0.228882	
-0.22644	
-0.223694	
-0.223694	
-0.22522	
-0.227051	
-0.227051	
-0.226746	
-0.227051	
-0.227661	
-0.227966	
-0.226746	
-0.225525	
-0.224915	
-0.22583	
-0.226746	
-0.227356	
-0.226135	
-0.225525	
-0.225525	
-0.22644	
-0.22644	
-0.22583	
-0.22583	
-0.226746	
-0.227356	
-0.226135	
-0.22522	
-0.22644	
-0.229187	
-0.223083	
-0.2005	
-0.162354	
-0.118713	
-0.0796509	
-0.0436401	
-0.0088501	
0.0213623	
0.0375366	
0.0396729	
0.0341797	
0.0289917	
0.0265503	
0.0244141	
0.0213623	
0.0213623	
0.0234985	
0.0265503	
0.027771	
0.0268555	
0.0262451	
0.0259399	
0.0262451	
0.0262451	
0.0271606	
0.0286865	
0.0286865	
0.0274658	
0.0247192	
0.0213623	
0.0177002	
0.0152588	
0.0164795	
0.0198364	
0.0234985	
0.0241089	
0.022583	
0.0219727	
0.0228882	
0.0244141	
0.0241089	
0.0228882	
0.0213623	
0.0204468	
0.0189209	
0.017395	
0.0167847	
0.017395	
0.0192261	
0.020752	
0.0219727	
0.0228882	
0.0231934	
0.0244141	
0.0238037	
0.0219727	
0.0204468	
0.020752	
0.0219727	
0.022583	
0.0219727	
0.0210571	
0.020752	
0.020752	
0.020752	
0.0204468	
0.0201416	
0.0201416	
0.020752	
0.0216675	
0.0216675	
0.0213623	
0.0222778	
0.0241089	
0.0262451	
0.0268555	
0.0253296	
0.0228882	
0.0216675	
0.0216675	
0.0228882	
0.0241089	
0.0247192	
0.0250244	
0.0250244	
0.0241089	
0.022583	
0.0213623	
0.0210571	
0.0210571	
0.0210571	
0.0210571	
0.0204468	
0.0201416	
0.0195313	
0.0189209	
0.0189209	
0.0183105	
0.0183105	
0.0189209	
0.0213623	
0.0256348	
0.0289917	
0.0299072	
0.0286865	
0.0280762	
0.0296021	
0.0323486	
0.0314331	
0.0274658	
0.0216675	
0.0183105	
0.0180054	
0.0201416	
0.0228882	
0.0253296	
0.0262451	
0.0259399	
0.0253296	
0.0256348	
0.0268555	
0.0280762	
0.027771	
0.0250244	
0.0222778	
0.0210571	
0.0210571	
0.0213623	
0.0213623	
0.0201416	
0.0198364	
0.0186157	
0.0180054	
0.0186157	
0.0189209	
0.0198364	
0.0204468	
0.020752	
0.0201416	
0.0192261	
0.0189209	
0.020752	
0.0228882	
0.0219727	
0.0192261	
0.0152588	
0.0146484	
0.0164795	
0.0195313	
0.0222778	
0.0216675	
0.0204468	
0.0219727	
0.027771	
0.0323486	
0.0289917	
0.0201416	
0.0140381	
0.0149536	
0.0195313	
0.0219727	
0.0216675	
0.0210571	
0.0219727	
0.0244141	
0.0253296	
0.0250244	
0.0234985	
0.0219727	
0.0210571	
0.0210571	
0.0219727	
0.0234985	
0.0253296	
0.0268555	
0.027771	
0.0280762	
0.0274658	
0.0256348	
0.0228882	
0.0213623	
0.0213623	
0.0234985	
0.0253296	
0.0247192	
0.0213623	
0.0183105	
0.0180054	
0.0204468	
0.0222778	
0.022583	
0.0219727	
0.0222778	
0.0228882	
0.0216675	
0.0195313	
0.0177002	
0.017395	
0.0192261	
0.022583	
0.0262451	
0.027771	
0.0259399	
0.0234985	
0.022583	
0.0238037	
0.0250244	
0.0250244	
0.0244141	
0.022583	
0.0201416	
0.0183105	
0.0170898	
0.0183105	
0.0201416	
0.0222778	
0.0234985	
0.0241089	
0.0250244	
0.0244141	
0.0231934	
0.0210571	
0.0198364	
0.0198364	
0.0204468	
0.0201416	
0.0183105	
0.0161743	
0.015564	
0.0158691	
0.0164795	
0.0167847	
0.0164795	
0.0170898	
0.0183105	
0.0198364	
0.0216675	
0.0219727	
0.020752	
0.0192261	
0.0183105	
0.0186157	
0.0198364	
0.0204468	
0.0195313	
0.0183105	
0.0177002	
0.0192261	
0.0210571	
0.0222778	
0.0222778	
0.0204468	
0.0186157	
0.0167847	
0.0152588	
0.0152588	
0.015564	
0.0161743	
0.0167847	
0.0158691	
0.0161743	
0.017395	
0.0192261	
0.0195313	
0.0183105	
0.0167847	
0.0161743	
0.0167847	
0.017395	
0.0177002	
0.0167847	
0.0161743	
0.0158691	
0.0164795	
0.015564	
0.0137329	
0.0128174	
0.0137329	
0.0149536	
0.0149536	
0.0146484	
0.0158691	
0.0177002	
0.0180054	
0.0170898	
0.0158691	
0.0158691	
0.0164795	
0.0183105	
0.0186157	
0.0180054	
0.0167847	
0.0161743	
0.017395	
0.0195313	
0.0213623	
0.022583	
0.0216675	
0.020752	
0.0198364	
0.0195313	
0.0186157	
0.0164795	
0.0140381	
0.0112915	
0.00976563	
0.0109863	
0.0137329	
0.0164795	
0.0180054	
0.0192261	
0.0219727	
0.0244141	
0.0253296	
0.0247192	
0.0222778	
0.0192261	
0.0164795	
0.0158691	
0.017395	
0.0180054	
0.0167847	
0.0152588	
0.0158691	
0.0186157	
0.0213623	
0.022583	
0.0216675	
0.0195313	
0.017395	
0.0152588	
0.0134277	
0.0115967	
0.0115967	
0.0134277	
0.0161743	
0.0183105	
0.0189209	
0.0183105	
0.0167847	
0.0161743	
0.0158691	
0.015564	
0.0146484	
0.0131226	
0.0131226	
0.0137329	
0.0140381	
0.0140381	
0.0134277	
0.0140381	
0.0149536	
0.0152588	
0.0152588	
0.015564	
0.0158691	
0.015564	
0.0134277	
0.0106812	
0.00823975	
0.00701904	
0.00671387	
0.00762939	
0.00946045	
0.010376	
0.0109863	
0.0106812	
0.00976563	
0.00915527	
0.00854492	
0.00854492	
0.010376	
0.012207	
0.0137329	
0.0152588	
0.0170898	
0.0186157	
0.0180054	
0.015564	
0.0131226	
0.0115967	
0.0109863	
0.0106812	
0.00976563	
0.00915527	
0.00793457	
0.00701904	
0.00732422	
0.00915527	
0.012207	
0.0137329	
0.0149536	
0.015564	
0.0146484	
0.0125122	
0.00946045	
0.00701904	
0.00549316	
0.00396729	
0.00244141	
0.00152588	
0.000915527	
0.00152588	
0.00213623	
0.00305176	
0.00305176	
0.00152588	
0.000305176	
0.000610352	
0.00244141	
0.00427246	
0.00518799	
0.00579834	
0.00640869	
0.00640869	
0.00427246	
0.0012207	
-0.000305176	
0.0012207	
0.00366211	
0.00549316	
0.00579834	
0.00518799	
0.00366211	
0.00305176	
0.00366211	
0.00305176	
0.00305176	
0.00366211	
0.00549316	
0.00610352	
0.00427246	
0.00305176	
0.00305176	
0.00457764	
0.00427246	
0.00244141	
0	
-0.000915527	
-0.000915527	
-0.000610352	
-0.0012207	
-0.00183105	
-0.0012207	
-0.000305176	
0.000610352	
0	
0	
0.00183105	
0.00457764	
0.00457764	
0.00244141	
-0.000915527	
-0.00213623	
-0.00244141	
-0.00274658	
-0.00274658	
-0.00274658	
-0.00305176	
-0.00274658	
-0.00183105	
-0.0012207	
-0.000915527	
-0.00152588	
-0.000915527	
0.000610352	
0.00213623	
-0.000610352	
-0.00823975	
-0.0131226	
-0.012207	
-0.00762939	
-0.00640869	
-0.0100708	
-0.0158691	
-0.0198364	
-0.0231934	
-0.0253296	
-0.0271606	
-0.0292969	
-0.0314331	
-0.0335693	
-0.0354004	
-0.0378418	
-0.0378418	
-0.0372314	
-0.0375366	
-0.039978	
-0.0424194	
-0.0421143	
-0.0393677	
-0.0354004	
-0.032959	
-0.032959	
-0.0332642	
-0.03479	
-0.0372314	
-0.0405884	
-0.0439453	
-0.0448608	
-0.0436401	
-0.0411987	
-0.0415039	
-0.0442505	
-0.0463867	
-0.0454712	
-0.0415039	
-0.0384521	
-0.0390625	
-0.0424194	
-0.0454712	
-0.0466919	
-0.0460815	
-0.0457764	
-0.0457764	
-0.0469971	
-0.0476074	
-0.0473022	
-0.0448608	
-0.0408936	
-0.0390625	
-0.039978	
-0.0439453	
-0.0479126	
-0.0482178	
-0.045166	
-0.0411987	
-0.0396729	
-0.039978	
-0.0408936	
-0.0408936	
-0.0415039	
-0.0430298	
-0.043335	
-0.043335	
-0.0427246	
-0.0427246	
-0.0445557	
-0.045166	
-0.0445557	
-0.043335	
-0.0427246	
-0.043335	
-0.043335	
-0.0427246	
-0.0415039	
-0.0405884	
-0.0405884	
-0.0408936	
-0.0424194	
-0.0436401	
-0.0436401	
-0.0418091	
-0.0405884	
-0.0415039	
-0.0436401	
-0.0445557	
-0.0436401	
-0.0421143	
-0.0418091	
-0.0415039	
-0.0411987	
-0.0408936	
-0.0408936	
-0.0408936	
-0.0405884	
-0.0402832	
-0.0408936	
-0.0427246	
-0.0436401	
-0.0436401	
-0.0436401	
-0.0445557	
-0.0460815	
-0.0466919	
-0.0460815	
-0.0448608	
-0.0424194	
-0.0408936	
-0.0411987	
-0.0427246	
-0.043335	
-0.0415039	
-0.0387573	
-0.0375366	
-0.038147	
-0.0396729	
-0.0396729	
-0.0396729	
-0.039978	
-0.0408936	
-0.0421143	
-0.0421143	
-0.0415039	
-0.0424194	
-0.0442505	
-0.0463867	
-0.0457764	
-0.0442505	
-0.0439453	
-0.0454712	
-0.0466919	
-0.0454712	
-0.0439453	
-0.0436401	
-0.0457764	
-0.0479126	
-0.0482178	
-0.0466919	
-0.0448608	
-0.0439453	
-0.0430298	
-0.0421143	
-0.0415039	
-0.0408936	
-0.0408936	
-0.0408936	
-0.0415039	
-0.0424194	
-0.0427246	
-0.0424194	
-0.0418091	
-0.043335	
-0.0460815	
-0.0488281	
-0.0494385	
-0.0476074	
-0.0457764	
-0.045166	
-0.0463867	
-0.0473022	
-0.0476074	
-0.0476074	
-0.0482178	
-0.0482178	
-0.0466919	
-0.0442505	
-0.0421143	
-0.0405884	
-0.0402832	
-0.0408936	
-0.0445557	
-0.0497437	
-0.0524902	
-0.050354	
-0.0445557	
-0.0396729	
-0.0390625	
-0.0402832	
-0.0418091	
-0.0421143	
-0.0421143	
-0.0424194	
-0.0436401	
-0.045166	
-0.0469971	
-0.0463867	
-0.0448608	
-0.0436401	
-0.0454712	
-0.0491333	
-0.0515747	
-0.0494385	
-0.0445557	
-0.0418091	
-0.0421143	
-0.043335	
-0.0421143	
-0.0396729	
-0.038147	
-0.0390625	
-0.0408936	
-0.0421143	
-0.0427246	
-0.043335	
-0.043335	
-0.0424194	
-0.0408936	
-0.0390625	
-0.0369263	
-0.0363159	
-0.0344849	
-0.0338745	
-0.0326538	
-0.0320435	
-0.0323486	
-0.0338745	
-0.0366211	
-0.039978	
-0.0415039	
-0.0405884	
-0.0375366	
-0.03479	
-0.03479	
-0.0360107	
-0.0372314	
-0.0384521	
-0.0387573	
-0.0393677	
-0.0396729	
-0.039978	
-0.0405884	
-0.039978	
-0.0390625	
-0.0375366	
-0.0372314	
-0.0372314	
-0.0375366	
-0.0390625	
-0.0396729	
-0.0421143	
-0.0439453	
-0.0448608	
-0.0424194	
-0.0354004	
-0.0292969	
-0.0283813	
-0.0350952	
-0.0427246	
-0.045166	
-0.0411987	
-0.0354004	
-0.0320435	
-0.0326538	
-0.0369263	
-0.0415039	
-0.0466919	
-0.0521851	
-0.0540161	
-0.0515747	
-0.0466919	
-0.043335	
-0.0460815	
-0.0491333	
-0.0476074	
-0.045166	
-0.0424194	
-0.0424194	
-0.0445557	
-0.045166	
-0.0457764	
-0.045166	
-0.0442505	
-0.0448608	
-0.0457764	
-0.0466919	
-0.0454712	
-0.0439453	
-0.0421143	
-0.0396729	
-0.039978	
-0.0418091	
-0.0427246	
-0.0396729	
-0.0344849	
-0.0302124	
-0.0317383	
-0.0341797	
-0.0344849	
-0.0335693	
-0.0366211	
-0.0393677	
-0.0387573	
-0.0335693	
-0.0299072	
-0.0335693	
-0.0393677	
-0.0390625	
-0.0323486	
-0.0259399	
-0.0268555	
-0.0332642	
-0.0387573	
-0.0396729	
-0.0360107	
-0.0363159	
-0.0375366	
-0.0393677	
-0.039978	
-0.0387573	
-0.0393677	
-0.0408936	
-0.0427246	
-0.0457764	
-0.045166	
-0.043335	
-0.0408936	
-0.0402832	
-0.0411987	
-0.0411987	
-0.0411987	
-0.043335	
-0.0476074	
-0.0509644	
-0.0509644	
-0.0476074	
-0.0448608	
-0.0445557	
-0.0448608	
-0.0457764	
-0.0430298	
-0.0396729	
-0.0363159	
-0.03479	
-0.0360107	
-0.0387573	
-0.038147	
-0.0354004	
-0.0305176	
-0.0280762	
-0.0289917	
-0.0323486	
-0.0363159	
-0.0372314	
-0.0375366	
-0.0375366	
-0.0378418	
-0.0375366	
-0.0363159	
-0.0354004	
-0.0341797	
-0.0335693	
-0.0323486	
-0.0326538	
-0.0354004	
-0.0384521	
-0.039978	
-0.0387573	
-0.0363159	
-0.0341797	
-0.0338745	
-0.03479	
-0.0366211	
-0.0387573	
-0.0390625	
-0.0393677	
-0.0393677	
-0.0393677	
-0.038147	
-0.0360107	
-0.032959	
-0.0317383	
-0.0320435	
-0.0338745	
-0.0357056	
-0.0366211	
-0.0375366	
-0.038147	
-0.0378418	
-0.0366211	
-0.0341797	
-0.0320435	
-0.0314331	
-0.032959	
-0.0363159	
-0.0393677	
-0.039978	
-0.0390625	
-0.0387573	
-0.038147	
-0.0378418	
-0.0366211	
-0.0363159	
-0.0375366	
-0.0384521	
-0.038147	
-0.0366211	
-0.0344849	
-0.0332642	
-0.0326538	
-0.0326538	
-0.0335693	
-0.0357056	
-0.0378418	
-0.0384521	
-0.0378418	
-0.0363159	
-0.0350952	
-0.0338745	
-0.0326538	
-0.0326538	
-0.032959	
-0.0338745	
-0.0354004	
-0.0357056	
-0.0360107	
-0.0354004	
-0.0357056	
-0.0360107	
-0.0366211	
-0.0363159	
-0.0350952	
-0.0335693	
-0.0320435	
-0.0305176	
-0.0299072	
-0.0283813	
-0.027771	
-0.0283813	
-0.0302124	
-0.0314331	
-0.0308228	
-0.0286865	
-0.0271606	
-0.0274658	
-0.0289917	
-0.0296021	
-0.0302124	
-0.0308228	
-0.0314331	
-0.0314331	
-0.0311279	
-0.0311279	
-0.0314331	
-0.0317383	
-0.0317383	
-0.0332642	
-0.0341797	
