0.0588989	
0.0576782	
0.0567627	
0.055542	
0.0549316	
0.0549316	
0.055542	
0.0567627	
0.057373	
0.0579834	
0.057373	
0.0564575	
0.0558472	
0.055542	
0.0564575	
0.0582886	
0.0601196	
0.0616455	
0.0616455	
0.0613403	
0.0616455	
0.0610352	
0.0592041	
0.0570679	
0.0567627	
0.0570679	
0.0579834	
0.0582886	
0.0576782	
0.057373	
0.0567627	
0.0561523	
0.0561523	
0.0561523	
0.0558472	
0.0546265	
0.0527954	
0.0521851	
0.0524902	
0.0534058	
0.0537109	
0.0534058	
0.0540161	
0.0540161	
0.0543213	
0.0531006	
0.0518799	
0.0512695	
0.0509644	
0.0506592	
0.0506592	
0.0506592	
0.0521851	
0.0537109	
0.0552368	
0.0552368	
0.0546265	
0.0531006	
0.0524902	
0.0521851	
0.0524902	
0.0537109	
0.0552368	
0.055542	
0.0540161	
0.0518799	
0.0509644	
0.0512695	
0.0524902	
0.0534058	
0.0540161	
0.0549316	
0.0558472	
0.0561523	
0.055542	
0.0534058	
0.0521851	
0.0512695	
0.0509644	
0.0509644	
0.0506592	
0.050354	
0.0500488	
0.0494385	
0.0497437	
0.050354	
0.0506592	
0.0512695	
0.0518799	
0.0524902	
0.0527954	
0.0527954	
0.0531006	
0.0546265	
0.0558472	
0.0561523	
0.0558472	
0.0552368	
0.0546265	
0.0543213	
0.0543213	
0.0552368	
0.0561523	
0.0567627	
0.0561523	
0.0552368	
0.0546265	
0.0537109	
0.0531006	
0.0524902	
0.0515747	
0.0506592	
0.0497437	
0.0497437	
0.0509644	
0.0521851	
0.0521851	
0.0509644	
0.0497437	
0.0494385	
0.050354	
0.0518799	
0.0527954	
0.0524902	
0.0521851	
0.0524902	
0.0534058	
0.0540161	
0.0524902	
0.0509644	
0.050354	
0.050354	
0.0512695	
0.0527954	
0.0540161	
0.0549316	
0.0549316	
0.0552368	
0.0558472	
0.0570679	
0.0567627	
0.0564575	
0.057373	
0.0598145	
0.0616455	
0.0616455	
0.0604248	
0.0598145	
0.0598145	
0.0604248	
0.0610352	
0.062561	
0.0634766	
0.0640869	
0.0634766	
0.06073	
0.0582886	
0.0570679	
0.0576782	
0.0579834	
0.0570679	
0.0546265	
0.0531006	
0.0518799	
0.050354	
0.0497437	
0.0509644	
0.0534058	
0.055542	
0.0552368	
0.0534058	
0.0518799	
0.0512695	
0.050354	
0.050354	
0.0518799	
0.0543213	
0.0570679	
0.0585938	
0.0588989	
0.0579834	
0.0558472	
0.0527954	
0.0518799	
0.0527954	
0.055542	
0.0585938	
0.0604248	
0.0610352	
0.06073	
0.0601196	
0.0585938	
0.0561523	
0.0543213	
0.0537109	
0.0537109	
0.0543213	
0.0549316	
0.0564575	
0.0582886	
0.0585938	
0.0588989	
0.0595093	
0.0613403	
0.0628662	
0.0637817	
0.0640869	
0.0643921	
0.0640869	
0.0637817	
0.0643921	
0.065918	
0.067749	
0.0668335	
0.0650024	
0.0637817	
0.0643921	
0.065918	
0.0662231	
0.0650024	
0.0650024	
0.065918	
0.0665283	
0.0650024	
0.0619507	
0.0604248	
0.0619507	
0.0640869	
0.0650024	
0.0634766	
0.0613403	
0.0595093	
0.057373	
0.0558472	
0.0582886	
0.0613403	
0.0634766	
0.0619507	
0.0588989	
0.0570679	
0.057373	
0.0576782	
0.0588989	
0.0595093	
0.0598145	
0.0595093	
0.0579834	
0.0567627	
0.0564575	
0.0561523	
0.0561523	
0.0567627	
0.057373	
0.0576782	
0.0579834	
0.0585938	
0.0604248	
0.0622559	
0.0631714	
0.0631714	
0.0628662	
0.0622559	
0.0622559	
0.0622559	
0.0613403	
0.0604248	
0.0604248	
0.0616455	
0.062561	
0.0628662	
0.0631714	
0.0640869	
0.0640869	
0.0622559	
0.0604248	
0.0601196	
0.0622559	
0.0646973	
0.0653076	
0.0643921	
0.0622559	
0.06073	
0.0604248	
0.0598145	
0.0592041	
0.0592041	
0.0598145	
0.0598145	
0.0598145	
0.0588989	
0.0585938	
0.0588989	
0.0592041	
0.0604248	
0.0616455	
0.0631714	
0.0631714	
0.0610352	
0.0592041	
0.0582886	
0.0588989	
0.0588989	
0.0585938	
0.0588989	
0.0601196	
0.0604248	
0.0588989	
0.0561523	
0.0552368	
0.0564575	
0.0585938	
0.06073	
0.0619507	
0.062561	
0.062561	
0.0622559	
0.0598145	
0.0567627	
0.0546265	
0.0558472	
0.0592041	
0.0613403	
0.0619507	
0.06073	
0.0604248	
0.0613403	
0.062561	
0.0634766	
0.0634766	
0.0616455	
0.0601196	
0.0595093	
0.06073	
0.0622559	
0.0628662	
0.0637817	
0.0656128	
0.0665283	
0.0650024	
0.0628662	
0.0619507	
0.0622559	
0.0622559	
0.0616455	
0.0610352	
0.0610352	
0.0601196	
0.0592041	
0.0579834	
0.0579834	
0.0601196	
0.062561	
0.0631714	
0.0613403	
0.0592041	
0.0576782	
0.0570679	
0.0564575	
0.0564575	
0.057373	
0.0588989	
0.0604248	
0.0610352	
0.0610352	
0.0598145	
0.0592041	
0.0576782	
0.0561523	
0.0546265	
0.0537109	
0.0537109	
0.0540161	
0.0552368	
0.0576782	
0.0604248	
0.0610352	
0.0595093	
0.0570679	
0.0561523	
0.055542	
0.055542	
0.0546265	
0.0543213	
0.0537109	
0.0527954	
0.0518799	
0.0509644	
0.0506592	
0.0509644	
0.0518799	
0.0531006	
0.0540161	
0.0540161	
0.0521851	
0.0494385	
0.0479126	
0.0491333	
0.0509644	
0.0524902	
0.0524902	
0.0518799	
0.0515747	
0.0515747	
0.0518799	
0.0521851	
0.0524902	
0.0524902	
0.0524902	
0.0527954	
0.0527954	
0.0512695	
0.050354	
0.0497437	
0.0500488	
0.0512695	
0.0527954	
0.0549316	
0.0570679	
0.0579834	
0.0579834	
0.0582886	
0.0592041	
0.0604248	
0.0613403	
0.06073	
0.0585938	
0.0579834	
0.0595093	
0.0631714	
0.0646973	
0.0637817	
0.0616455	
0.0598145	
0.0595093	
0.0579834	
0.0564575	
0.0546265	
0.0549316	
0.0570679	
0.0585938	
0.0570679	
0.0527954	
0.0497437	
0.0509644	
0.0546265	
0.0561523	
0.0558472	
0.0540161	
0.0527954	
0.0521851	
0.0521851	
0.0527954	
0.0537109	
0.0534058	
0.0534058	
0.0534058	
0.0534058	
0.0531006	
0.0515747	
0.0509644	
0.0512695	
0.0540161	
0.0558472	
0.055542	
0.0537109	
0.0527954	
0.0531006	
0.0537109	
0.0531006	
0.0521851	
0.0521851	
0.0524902	
0.0534058	
0.0540161	
0.0546265	
0.055542	
0.0561523	
0.0567627	
0.057373	
0.0567627	
0.0567627	
0.0561523	
0.0561523	
0.0561523	
0.0564575	
0.057373	
0.0570679	
0.057373	
0.0564575	
0.0567627	
0.0567627	
0.0561523	
0.0552368	
0.055542	
0.0567627	
0.0588989	
0.0601196	
0.06073	
0.0610352	
0.06073	
0.0613403	
0.0628662	
0.0656128	
0.0674438	
0.0674438	
0.065918	
0.0628662	
0.0601196	
0.0579834	
0.057373	
0.0579834	
0.0585938	
0.0592041	
0.0604248	
0.06073	
0.0592041	
0.0564575	
0.0534058	
0.0521851	
0.0534058	
0.055542	
0.0567627	
0.0576782	
0.0585938	
0.0592041	
0.0592041	
0.0582886	
0.0579834	
0.0579834	
0.0579834	
0.0576782	
0.0579834	
0.0579834	
0.0579834	
0.0570679	
0.0558472	
0.0546265	
0.0546265	
0.0549316	
0.0558472	
0.0564575	
0.0582886	
0.0610352	
0.0640869	
0.0662231	
0.065918	
0.0640869	
0.062561	
0.0631714	
0.0637817	
0.0640869	
0.0634766	
0.0640869	
0.0640869	
0.0622559	
0.0592041	
0.0570679	
0.0570679	
0.0579834	
0.0588989	
0.0601196	
0.0610352	
0.0610352	
0.06073	
0.0601196	
0.0613403	
0.062561	
0.0634766	
0.0628662	
0.0610352	
0.0592041	
0.0576782	
0.057373	
0.0576782	
0.0582886	
0.0588989	
0.0592041	
0.0601196	
0.0613403	
0.0628662	
0.0631714	
0.0631714	
0.0628662	
0.0634766	
0.0646973	
0.065918	
0.0668335	
0.0671387	
0.0665283	
0.0653076	
0.0646973	
0.0650024	
0.0650024	
0.0643921	
0.0631714	
0.0631714	
0.0631714	
0.062561	
0.06073	
0.0579834	
0.0564575	
0.0564575	
0.0576782	
0.0601196	
0.0622559	
0.0640869	
0.0643921	
0.0628662	
0.0622559	
0.0622559	
0.0628662	
0.0622559	
0.0613403	
0.0613403	
0.0604248	
0.0585938	
0.0564575	
0.0552368	
0.0543213	
0.0549316	
0.0552368	
0.0567627	
0.0585938	
0.0601196	
0.06073	
0.0595093	
0.0576782	
0.0564575	
0.0558472	
0.0564575	
0.0576782	
0.0588989	
0.06073	
0.0628662	
0.0653076	
0.0662231	
0.0653076	
0.0643921	
0.0631714	
0.0631714	
0.0631714	
0.0631714	
0.0628662	
0.062561	
0.0622559	
0.0616455	
0.0598145	
0.0579834	
0.0567627	
0.0564575	
0.0558472	
0.0561523	
0.057373	
0.0585938	
0.0588989	
0.0588989	
0.0582886	
0.0588989	
0.0601196	
0.0616455	
0.0622559	
0.0619507	
0.06073	
0.0598145	
0.0604248	
0.0622559	
0.0631714	
0.062561	
0.0610352	
0.0601196	
0.0595093	
0.0592041	
0.0598145	
0.0604248	
0.06073	
0.0604248	
0.0601196	
0.0588989	
0.0567627	
0.0537109	
0.0506592	
0.0485229	
0.0476074	
0.0473022	
0.0466919	
0.0457764	
0.0439453	
0.0427246	
0.0421143	
0.0424194	
0.0442505	
0.0457764	
0.0463867	
0.045166	
0.0430298	
0.0411987	
0.0396729	
0.0390625	
0.0390625	
0.0390625	
0.0390625	
0.0384521	
0.0375366	
0.0369263	
0.0363159	
0.0350952	
0.0335693	
0.0326538	
0.0323486	
0.0323486	
0.0317383	
0.0308228	
0.0299072	
0.0299072	
0.0305176	
0.0311279	
0.0317383	
0.0314331	
0.0299072	
0.0283813	
0.0271606	
0.0274658	
0.0289917	
0.0311279	
0.0323486	
0.0317383	
0.0302124	
0.0280762	
0.0265503	
0.0262451	
0.0265503	
0.0262451	
0.0247192	
0.022583	
0.020752	
0.020752	
0.0216675	
0.022583	
0.0228882	
0.022583	
0.0210571	
0.0180054	
0.0140381	
0.0109863	
0.0109863	
0.0131226	
0.0152588	
0.0164795	
0.017395	
0.0186157	
0.0213623	
0.0231934	
0.0238037	
0.022583	
0.0201416	
0.0186157	
0.0180054	
0.0192261	
0.020752	
0.0213623	
0.0213623	
0.020752	
0.0204468	
0.0204468	
0.0201416	
0.0195313	
0.0192261	
0.0198364	
0.0204468	
0.0204468	
0.0186157	
0.0161743	
0.015564	
0.0152588	
0.0158691	
0.0161743	
0.0170898	
0.0180054	
0.0189209	
0.0198364	
0.0210571	
0.0216675	
0.0213623	
0.0219727	
0.0231934	
0.0244141	
0.0241089	
0.0228882	
0.020752	
0.0177002	
0.0161743	
0.015564	
0.0158691	
0.015564	
0.0143433	
0.0128174	
0.0115967	
0.0100708	
0.0100708	
0.0100708	
0.010376	
0.00946045	
0.00701904	
0.00396729	
0.00152588	
0	
0	
0.000610352	
0.0012207	
0.000915527	
0.000610352	
0.000610352	
0.00152588	
0.00213623	
0.00183105	
0.0012207	
0.000610352	
0.000915527	
0.000610352	
0	
-0.00183105	
-0.00335693	
-0.00488281	
-0.00518799	
-0.00427246	
-0.00305176	
-0.00213623	
-0.00152588	
-0.000610352	
-0.000610352	
-0.000915527	
-0.00152588	
-0.00213623	
-0.00244141	
-0.00305176	
-0.00335693	
-0.00396729	
-0.00488281	
-0.00640869	
-0.00854492	
-0.010376	
-0.012207	
-0.0137329	
-0.0140381	
-0.0140381	
-0.0140381	
-0.0146484	
-0.0161743	
-0.0170898	
-0.017395	
-0.0180054	
-0.0192261	
-0.0204468	
-0.0210571	
-0.0201416	
-0.0192261	
-0.0195313	
-0.0219727	
-0.0247192	
-0.0259399	
-0.0265503	
-0.0271606	
-0.0286865	
-0.0299072	
-0.0302124	
-0.0296021	
-0.0305176	
-0.0323486	
-0.0350952	
-0.0372314	
-0.0384521	
-0.0387573	
-0.038147	
-0.0393677	
-0.0421143	
-0.045166	
-0.0469971	
-0.0463867	
-0.0460815	
-0.0463867	
-0.0485229	
-0.0515747	
-0.0552368	
-0.0585938	
-0.0613403	
-0.0634766	
-0.0643921	
-0.0653076	
-0.0662231	
-0.0671387	
-0.067749	
-0.0674438	
-0.0671387	
-0.0689697	
-0.0714111	
-0.0723267	
-0.072937	
-0.0735474	
-0.0759888	
-0.0802612	
-0.0845337	
-0.0875854	
-0.088501	
-0.0878906	
-0.0881958	
-0.090332	
-0.0930786	
-0.09552	
-0.09552	
-0.0946045	
-0.0942993	
-0.0961304	
-0.0976563	
-0.098877	
-0.100403	
-0.103149	
-0.106506	
-0.108337	
-0.107727	
-0.107117	
-0.106506	
-0.107727	
-0.110474	
-0.11261	
-0.113831	
-0.113831	
-0.113831	
-0.114136	
-0.114136	
-0.114136	
-0.115051	
-0.116882	
-0.118713	
-0.12146	
-0.125122	
-0.128479	
-0.130005	
-0.131531	
-0.133057	
-0.135193	
-0.137329	
-0.139771	
-0.141296	
-0.141907	
-0.140686	
-0.13031	
-0.108032	
-0.0756836	
-0.0408936	
-0.00854492	
0.0238037	
0.057373	
0.0906372	
0.12085	
0.148621	
0.176392	
0.203857	
0.231323	
0.256958	
0.280151	
0.301514	
0.32135	
0.337524	
0.345764	
0.345764	
0.341187	
0.335999	
0.333557	
0.331116	
0.328064	
0.329895	
0.341797	
0.36438	
0.392151	
0.413208	
0.421143	
0.41748	
0.410156	
0.406494	
0.408325	
0.411072	
0.411987	
0.409546	
0.406494	
0.404053	
0.403748	
0.402527	
0.400696	
0.397034	
0.393677	
0.391846	
0.389709	
0.386353	
0.380554	
0.374451	
0.370789	
0.368652	
0.371704	
0.378418	
0.38147	
0.381165	
0.380249	
0.385437	
0.396118	
0.404358	
0.40741	
0.407715	
0.405884	
0.406494	
0.409241	
0.413513	
0.415955	
0.414429	
0.408325	
0.401001	
0.395508	
0.394897	
0.397644	
0.400391	
0.404053	
0.408325	
0.410156	
0.409546	
0.406799	
0.405579	
0.404358	
0.402527	
0.39917	
0.395508	
0.392456	
0.390015	
0.389404	
0.388489	
0.386658	
0.383911	
0.38147	
0.379944	
0.376892	
0.372009	
0.367432	
0.365601	
0.365601	
0.364685	
0.362244	
0.359497	
0.357056	
0.356445	
0.355835	
0.355835	
0.355225	
0.354004	
0.352173	
0.350342	
0.348816	
0.34729	
0.34668	
0.346069	
0.345459	
0.343018	
0.339966	
0.33783	
0.337219	
0.337219	
0.336304	
0.334473	
0.332336	
0.330811	
0.328674	
0.326233	
0.324097	
0.322266	
0.32135	
0.319824	
0.318298	
0.315857	
0.3125	
0.309448	
0.310669	
0.319824	
0.332642	
0.340576	
0.338745	
0.332336	
0.328064	
0.327759	
0.328064	
0.325928	
0.322571	
0.319824	
0.318298	
0.318909	
0.317993	
0.316162	
0.312805	
0.309143	
0.305176	
0.301208	
0.297852	
0.2948	
0.291748	
0.289001	
0.28656	
0.285034	
0.283508	
0.282898	
0.282288	
0.280762	
0.278625	
0.275269	
0.272827	
0.270691	
0.26947	
0.267334	
0.264893	
0.263062	
0.262146	
0.260925	
0.257874	
0.253601	
0.249634	
0.246887	
0.244446	
0.241699	
0.239563	
0.237732	
0.236206	
0.23468	
0.233459	
0.233154	
0.232239	
0.231018	
0.228882	
0.227051	
0.222473	
0.216064	
0.213013	
0.215454	
0.218506	
0.217896	
0.211792	
0.207214	
0.205078	
0.203247	
0.200806	
0.198364	
0.196228	
0.193176	
0.189209	
0.186157	
0.184326	
0.184326	
0.183411	
0.180359	
0.175476	
0.171204	
0.168762	
0.168152	
0.168152	
0.167236	
0.1651	
0.161743	
0.157776	
0.153198	
0.149536	
0.148315	
0.1474	
0.146484	
0.144043	
0.140991	
0.13855	
0.137024	
0.135803	
0.134583	
0.132446	
0.130615	
0.1297	
0.129395	
0.127563	
0.124207	
0.119629	
0.115967	
0.112915	
0.110474	
0.108337	
0.106812	
0.104065	
0.100708	
0.0970459	
0.0939941	
0.0912476	
0.0869751	
0.0808716	
0.0759888	
0.0735474	
0.072937	
0.0720215	
0.0695801	
0.0674438	
0.0662231	
0.065918	
0.0643921	
0.0619507	
0.0588989	
0.0567627	
0.0558472	
0.0561523	
0.0558472	
0.0540161	
0.0518799	
0.0491333	
0.0469971	
0.045166	
0.0436401	
0.0424194	
0.0415039	
0.0408936	
0.039978	
0.0378418	
0.0344849	
0.0305176	
0.0262451	
0.0231934	
0.0201416	
0.0180054	
0.0146484	
0.0115967	
0.00823975	
0.00579834	
0.00335693	
0.00213623	
0.000610352	
-0.000915527	
-0.00244141	
-0.00457764	
-0.00518799	
-0.00579834	
-0.00671387	
-0.0088501	
-0.0119019	
-0.0143433	
-0.0167847	
-0.0201416	
-0.0228882	
-0.0250244	
-0.0259399	
-0.0262451	
-0.0268555	
-0.0271606	
-0.027771	
-0.0283813	
-0.0302124	
-0.0326538	
-0.0341797	
-0.0344849	
-0.0344849	
-0.03479	
-0.03479	
-0.0357056	
-0.0369263	
-0.0405884	
-0.0448608	
-0.0479126	
-0.0491333	
-0.0485229	
-0.0488281	
-0.0500488	
-0.0512695	
-0.0524902	
-0.0534058	
-0.0543213	
-0.0549316	
-0.0549316	
-0.055542	
-0.0558472	
-0.0558472	
-0.055542	
-0.0558472	
-0.0564575	
-0.0582886	
-0.0585938	
-0.0576782	
-0.0549316	
-0.0537109	
-0.0552368	
-0.0588989	
-0.0628662	
-0.0643921	
-0.0637817	
-0.0619507	
-0.0616455	
-0.0622559	
-0.0640869	
-0.0656128	
-0.065918	
-0.0656128	
-0.0653076	
-0.065918	
-0.0668335	
-0.0668335	
-0.0656128	
-0.0643921	
-0.0631714	
-0.0622559	
-0.0619507	
-0.0613403	
-0.0592041	
-0.057373	
-0.0561523	
-0.0561523	
-0.0552368	
-0.0540161	
-0.0537109	
-0.0549316	
-0.0564575	
-0.0576782	
-0.0585938	
-0.0598145	
-0.0601196	
-0.0595093	
-0.0579834	
-0.057373	
-0.0579834	
-0.0595093	
-0.0604248	
-0.0610352	
-0.0613403	
-0.0619507	
-0.0619507	
-0.06073	
-0.0601196	
-0.0604248	
-0.0604248	
-0.0601196	
-0.0598145	
-0.0595093	
-0.0592041	
-0.0582886	
-0.0576782	
-0.0576782	
-0.0570679	
-0.0561523	
-0.0549316	
-0.0537109	
-0.0518799	
-0.0500488	
-0.0485229	
-0.0479126	
-0.0476074	
-0.0457764	
-0.0439453	
-0.0430298	
-0.0430298	
-0.0436401	
-0.0448608	
-0.0460815	
-0.0473022	
-0.0476074	
-0.0473022	
-0.0473022	
-0.0476074	
-0.0479126	
-0.0482178	
-0.0488281	
-0.0491333	
-0.0488281	
-0.0491333	
-0.0494385	
-0.0485229	
-0.0460815	
-0.0436401	
-0.043335	
-0.045166	
-0.0466919	
-0.0485229	
-0.0500488	
-0.0506592	
-0.050354	
-0.0494385	
-0.0497437	
-0.0500488	
-0.0497437	
-0.0488281	
-0.0479126	
-0.0485229	
-0.0494385	
-0.050354	
-0.0512695	
-0.0518799	
-0.0521851	
-0.0512695	
-0.0497437	
-0.0473022	
-0.0460815	
-0.0463867	
-0.0479126	
-0.0500488	
-0.0527954	
-0.0540161	
-0.0546265	
-0.0534058	
-0.0512695	
-0.0506592	
-0.050354	
-0.0506592	
-0.0500488	
-0.0491333	
-0.0491333	
-0.0497437	
-0.0509644	
-0.0512695	
-0.0506592	
-0.050354	
-0.0500488	
-0.0509644	
-0.0515747	
-0.0506592	
-0.0482178	
-0.0460815	
-0.045166	
-0.0463867	
-0.0491333	
-0.0512695	
-0.0524902	
-0.0527954	
-0.0518799	
-0.0518799	
-0.0515747	
-0.0512695	
-0.0506592	
-0.0494385	
-0.0488281	
-0.0476074	
-0.0460815	
-0.0448608	
-0.0445557	
-0.0442505	
-0.043335	
-0.0415039	
-0.0411987	
-0.0415039	
-0.0424194	
-0.0424194	
-0.0415039	
-0.0405884	
-0.039978	
-0.039978	
-0.0402832	
-0.039978	
-0.0396729	
-0.0393677	
-0.0402832	
-0.0415039	
-0.0436401	
-0.0442505	
-0.043335	
-0.0415039	
-0.0393677	
-0.0390625	
-0.0408936	
-0.0469971	
-0.0543213	
-0.0595093	
-0.0598145	
-0.057373	
-0.0558472	
-0.0561523	
-0.0561523	
-0.055542	
-0.0543213	
-0.0537109	
-0.0543213	
-0.0552368	
-0.0561523	
-0.0567627	
-0.0561523	
-0.0558472	
-0.0552368	
-0.0549316	
-0.0537109	
-0.0521851	
-0.0509644	
-0.050354	
-0.0497437	
-0.0488281	
-0.0494385	
-0.0509644	
-0.0515747	
-0.0518799	
-0.0515747	
-0.0506592	
-0.0497437	
-0.0488281	
-0.0482178	
-0.0482178	
-0.0485229	
-0.0488281	
-0.0500488	
-0.0506592	
-0.050354	
-0.0491333	
-0.0476074	
-0.0466919	
-0.0460815	
-0.0476074	
-0.0494385	
-0.0497437	
-0.0479126	
-0.0448608	
-0.0421143	
-0.0402832	
-0.039978	
-0.0411987	
-0.043335	
-0.0445557	
-0.0445557	
-0.043335	
-0.0411987	
-0.0390625	
-0.0375366	
-0.0378418	
-0.0393677	
-0.0408936	
-0.0418091	
-0.0411987	
-0.0390625	
-0.0372314	
-0.0366211	
-0.0354004	
-0.0350952	
-0.0350952	
-0.0354004	
-0.0366211	
-0.0366211	
-0.0354004	
-0.0344849	
-0.0323486	
-0.0308228	
-0.0292969	
-0.0274658	
-0.0268555	
-0.0265503	
-0.0265503	
-0.0265503	
-0.0262451	
-0.0256348	
-0.0256348	
-0.0250244	
-0.0305176	
-0.0430298	
-0.0637817	
-0.0888062	
-0.115051	
-0.142517	
-0.170898	
-0.196533	
-0.217285	
-0.233459	
-0.243835	
-0.249939	
-0.251465	
-0.249634	
-0.247803	
-0.247498	
-0.249634	
-0.25238	
-0.254517	
-0.255127	
-0.253906	
-0.25116	
-0.249023	
-0.247803	
-0.246887	
-0.245667	
-0.243225	
-0.24231	
-0.241394	
-0.239868	
-0.236511	
-0.233154	
-0.229797	
-0.227966	
-0.226746	
-0.225525	
-0.224304	
-0.222473	
-0.221558	
-0.221252	
-0.220642	
-0.219116	
-0.217285	
-0.215759	
-0.215454	
-0.215759	
-0.214539	
-0.213013	
-0.211487	
-0.209351	
-0.20752	
-0.205383	
-0.202332	
-0.19989	
-0.197449	
-0.196228	
-0.194702	
-0.192871	
-0.19165	
-0.190735	
-0.190735	
-0.189819	
-0.187988	
-0.185852	
-0.184937	
-0.184937	
-0.184631	
-0.183411	
-0.180969	
-0.178833	
-0.176392	
-0.17334	
-0.171814	
-0.170898	
-0.170898	
-0.169067	
-0.165405	
-0.161743	
-0.158691	
-0.157471	
-0.156555	
-0.15564	
-0.154419	
-0.152893	
-0.151672	
-0.150146	
-0.14801	
-0.144348	
-0.140686	
-0.138855	
-0.137939	
-0.137939	
-0.136719	
-0.133972	
-0.130615	
-0.127258	
-0.124207	
-0.122375	
-0.120239	
-0.116882	
-0.112305	
-0.107727	
-0.10498	
-0.104065	
-0.103455	
-0.101624	
-0.098877	
-0.0994873	
-0.108337	
-0.125122	
-0.148621	
-0.173645	
-0.2005	
-0.229492	
-0.258789	
-0.28595	
-0.310669	
-0.331116	
-0.346069	
-0.354004	
-0.354309	
-0.350952	
-0.346069	
-0.342407	
-0.339355	
-0.337219	
-0.334167	
-0.330505	
-0.327759	
-0.325928	
-0.324402	
-0.322571	
-0.319519	
-0.316467	
-0.313416	
-0.310059	
-0.307922	
-0.305786	
-0.302734	
-0.298767	
-0.294189	
-0.290527	
-0.288086	
-0.28595	
-0.284424	
-0.282593	
-0.280457	
-0.277405	
-0.273132	
-0.26825	
-0.264587	
-0.262451	
-0.26062	
-0.259399	
-0.256958	
-0.254822	
-0.252991	
-0.251465	
-0.248413	
-0.244446	
-0.239258	
-0.238953	
-0.244446	
-0.254517	
-0.263367	
-0.26825	
-0.26947	
-0.268555	
-0.264587	
-0.26001	
-0.255127	
-0.250854	
-0.246277	
-0.241089	
-0.237427	
-0.23468	
-0.232849	
-0.231018	
-0.227966	
-0.224609	
-0.221252	
-0.219116	
-0.21759	
-0.215149	
-0.213013	
-0.210571	
-0.209045	
-0.20752	
-0.205078	
-0.202637	
-0.198669	
-0.194702	
-0.190735	
-0.188293	
-0.186768	
-0.184326	
-0.180969	
-0.176697	
-0.172424	
-0.168152	
-0.163879	
-0.159912	
-0.15625	
-0.153809	
-0.152283	
-0.151062	
-0.149536	
-0.146484	
-0.141907	
-0.137329	
-0.133057	
-0.1297	
-0.126648	
-0.12207	
-0.117188	
-0.114136	
-0.11261	
-0.111694	
-0.108032	
-0.103149	
-0.0994873	
-0.0970459	
-0.0952148	
-0.0915527	
-0.0869751	
-0.0839233	
-0.0836182	
-0.0848389	
-0.0845337	
-0.0820923	
-0.078125	
-0.0735474	
-0.0701904	
-0.0674438	
-0.0674438	
-0.0674438	
-0.0650024	
-0.0646973	
-0.0723267	
-0.0891113	
-0.111084	
-0.131531	
-0.148315	
-0.162964	
-0.17395	
-0.180359	
-0.179443	
-0.17334	
-0.167236	
-0.164185	
-0.162964	
-0.160828	
-0.157776	
-0.155334	
-0.153809	
-0.151062	
-0.146484	
-0.142517	
-0.138855	
-0.136414	
-0.134277	
-0.131836	
-0.129395	
-0.126343	
-0.124512	
-0.122986	
-0.121155	
-0.117188	
-0.112305	
-0.107422	
-0.103455	
-0.0997925	
-0.0964355	
-0.0939941	
-0.0912476	
-0.088501	
-0.0860596	
-0.0836182	
-0.0817871	
-0.0802612	
-0.0778198	
-0.0756836	
-0.0735474	
-0.071106	
-0.0683594	
-0.0646973	
-0.0613403	
-0.0595093	
-0.0592041	
-0.0595093	
-0.0595093	
-0.0598145	
-0.0582886	
-0.0546265	
-0.0497437	
-0.0460815	
-0.0445557	
-0.043335	
-0.0405884	
-0.0366211	
-0.0332642	
-0.0305176	
-0.0274658	
-0.0262451	
-0.0253296	
-0.0250244	
-0.0231934	
-0.0198364	
-0.015564	
-0.0115967	
-0.00854492	
-0.00610352	
-0.00366211	
-0.00183105	
-0.000610352	
-0.000915527	
-0.000305176	
0.00152588	
0.00335693	
0.00427246	
0.00488281	
0.00518799	
0.00701904	
0.00976563	
0.0125122	
0.0143433	
0.0158691	
0.0183105	
0.0219727	
0.0259399	
0.0292969	
0.0317383	
0.0326538	
0.0332642	
0.0338745	
0.0344849	
0.0369263	
0.0396729	
0.0424194	
0.0445557	
0.0463867	
0.0476074	
0.0485229	
0.0494385	
0.0509644	
0.0518799	
0.0527954	
0.0531006	
0.0537109	
0.0546265	
0.0543213	
0.0540161	
0.0543213	
0.0561523	
0.0579834	
0.0588989	
0.0592041	
0.0588989	
0.0592041	
0.0598145	
0.0604248	
0.0616455	
0.0622559	
0.062561	
0.0634766	
0.0640869	
0.0653076	
0.0662231	
0.0656128	
0.0643921	
0.0631714	
0.0628662	
0.0643921	
0.0653076	
0.0656128	
0.0653076	
0.0646973	
0.0650024	
0.0646973	
0.0637817	
0.0631714	
0.0634766	
0.0643921	
0.0646973	
0.0637817	
0.0613403	
0.0582886	
0.0561523	
0.055542	
0.0567627	
0.0582886	
0.0592041	
0.0601196	
0.0613403	
0.0610352	
0.0595093	
0.057373	
0.0561523	
0.0552368	
0.0549316	
0.0546265	
0.0540161	
0.0524902	
0.0500488	
0.0488281	
0.0497437	
0.0518799	
0.0531006	
0.0537109	
0.0537109	
0.0527954	
0.0515747	
0.050354	
0.050354	
0.0518799	
0.0527954	
0.0512695	
0.0476074	
0.0439453	
0.0436401	
0.0460815	
0.0491333	
0.0506592	
0.0500488	
0.0488281	
0.0466919	
0.0479126	
0.0512695	
0.0540161	
0.0534058	
0.0494385	
0.0473022	
0.0469971	
0.0463867	
0.0442505	
0.0411987	
0.038147	
0.0369263	
0.0372314	
0.0375366	
0.0372314	
0.0354004	
0.0338745	
0.0341797	
0.0354004	
0.0366211	
0.0363159	
0.0360107	
0.0366211	
0.0375366	
0.0372314	
0.0350952	
0.0326538	
0.0314331	
0.0320435	
0.0332642	
0.0338745	
0.0341797	
0.0332642	
0.0326538	
0.0317383	
0.0299072	
0.0292969	
0.0289917	
0.0296021	
0.0292969	
0.0283813	
0.0280762	
0.0292969	
0.0308228	
0.0314331	
0.0308228	
0.0299072	
0.0289917	
0.027771	
0.0265503	
0.0253296	
0.0234985	
0.0219727	
0.0204468	
0.0192261	
0.0183105	
0.0183105	
0.0186157	
0.0189209	
0.0177002	
0.0161743	
0.0149536	
0.0146484	
0.0149536	
0.0149536	
0.0149536	
0.0149536	
0.0146484	
0.0143433	
0.0134277	
0.0125122	
0.0112915	
0.0115967	
0.012207	
0.0125122	
0.012207	
0.0109863	
0.00976563	
0.00976563	
0.00976563	
0.0106812	
0.0112915	
0.0119019	
0.0109863	
0.00671387	
0.00335693	
0.00183105	
0.00213623	
0.000305176	
-0.000915527	
-0.000305176	
0.00305176	
0.00488281	
0.00335693	
0.000305176	
-0.00183105	
-0.00274658	
-0.00427246	
-0.0088501	
-0.0115967	
-0.0119019	
-0.00854492	
-0.00518799	
-0.00335693	
-0.00427246	
-0.00946045	
-0.0170898	
-0.0238037	
-0.0253296	
-0.0231934	
-0.0201416	
-0.0180054	
-0.017395	
-0.0167847	
-0.0158691	
-0.0140381	
-0.0119019	
-0.010376	
-0.00976563	
-0.0112915	
-0.0128174	
-0.0146484	
-0.0186157	
-0.0204468	
-0.0231934	
-0.0219727	
-0.0198364	
-0.0170898	
-0.0149536	
-0.0140381	
-0.0140381	
-0.0143433	
-0.0149536	
-0.0149536	
-0.0152588	
-0.0158691	
-0.0167847	
-0.0161743	
-0.0140381	
-0.0109863	
-0.00823975	
-0.00671387	
-0.00671387	
-0.00793457	
-0.00946045	
-0.0106812	
-0.0119019	
-0.0143433	
-0.0161743	
-0.017395	
-0.017395	
-0.0167847	
-0.0158691	
-0.0134277	
-0.0106812	
-0.00823975	
-0.00732422	
-0.00823975	
-0.010376	
-0.012207	
-0.0128174	
-0.0119019	
-0.010376	
-0.00946045	
-0.00946045	
-0.00946045	
-0.00976563	
-0.0106812	
-0.0109863	
-0.0100708	
-0.00762939	
-0.00610352	
-0.00579834	
-0.00610352	
-0.00579834	
-0.00518799	
-0.00488281	
-0.00427246	
-0.00396729	
-0.00396729	
-0.00457764	
-0.00457764	
-0.00396729	
-0.00274658	
-0.00152588	
0.000305176	
0.00183105	
-0.0012207	
-0.00915527	
-0.0198364	
-0.0280762	
-0.0314331	
-0.0317383	
-0.0314331	
-0.0299072	
-0.0283813	
-0.027771	
-0.0286865	
-0.0296021	
-0.0289917	
-0.0268555	
-0.0256348	
-0.0244141	
-0.0238037	
-0.022583	
-0.0204468	
-0.0192261	
-0.017395	
-0.0161743	
-0.0167847	
-0.0186157	
-0.0216675	
-0.0231934	
-0.0228882	
-0.0216675	
-0.0204468	
-0.0186157	
-0.0164795	
-0.0146484	
-0.0134277	
-0.012207	
-0.0106812	
-0.00946045	
-0.00823975	
-0.00762939	
-0.00762939	
-0.00762939	
-0.00732422	
-0.00640869	
-0.00427246	
-0.00244141	
0.000610352	
0.00396729	
0.00701904	
0.0100708	
0.0115967	
0.0125122	
0.0131226	
0.0140381	
0.0146484	
0.0143433	
0.0134277	
0.0140381	
0.0167847	
0.0201416	
0.0222778	
0.0228882	
0.0234985	
0.0253296	
0.0280762	
0.0311279	
0.0335693	
0.0363159	
0.0393677	
0.0424194	
0.0445557	
0.045166	
0.045166	
0.0454712	
0.0473022	
0.0500488	
0.0527954	
0.0552368	
0.057373	
0.0598145	
0.0619507	
0.0637817	
0.065918	
0.0674438	
0.0689697	
0.0698853	
0.0732422	
0.0759888	
0.0717163	
0.0585938	
0.0384521	
0.0167847	
-0.00335693	
-0.0238037	
-0.0427246	
-0.0585938	
-0.067749	
-0.0701904	
-0.067749	
-0.0643921	
-0.0619507	
-0.06073	
-0.0595093	
-0.057373	
-0.0549316	
-0.0524902	
-0.0506592	
-0.0494385	
-0.0485229	
-0.0485229	
-0.0479126	
-0.0466919	
-0.0436401	
-0.039978	
-0.0357056	
-0.0326538	
-0.0314331	
-0.0314331	
-0.0314331	
-0.0286865	
-0.0244141	
-0.0195313	
-0.015564	
-0.0131226	
-0.0112915	
-0.0100708	
-0.00762939	
-0.00579834	
-0.00244141	
0.0012207	
0.00549316	
0.0088501	
0.0112915	
0.0134277	
0.0158691	
0.0186157	
0.0219727	
0.0256348	
0.0216675	
0.00793457	
-0.0158691	
-0.043335	
-0.0717163	
-0.098877	
-0.123596	
-0.142517	
-0.155334	
-0.160217	
-0.158997	
-0.153503	
-0.147705	
-0.144653	
-0.143127	
-0.141602	
-0.13916	
-0.136108	
-0.132751	
-0.1297	
-0.127258	
-0.125122	
-0.122986	
-0.120544	
-0.116882	
-0.11261	
-0.107727	
-0.102844	
-0.0991821	
-0.0967407	
-0.0930786	
-0.0881958	
-0.0823975	
-0.078125	
-0.0753784	
-0.0732422	
-0.0708008	
-0.0686646	
-0.0665283	
-0.0622559	
-0.0567627	
-0.0509644	
-0.0463867	
-0.0427246	
-0.0393677	
-0.0357056	
-0.0314331	
-0.0268555	
-0.0234985	
-0.0210571	
-0.0189209	
-0.0180054	
-0.017395	
-0.015564	
-0.0115967	
-0.00610352	
-0.00274658	
-0.000305176	
0.000610352	
0.00335693	
0.00671387	
0.0106812	
0.0149536	
0.0192261	
0.0231934	
0.0271606	
0.0308228	
0.0344849	
0.0375366	
0.0393677	
0.0415039	
0.0439453	
0.0466919	
0.0491333	
0.0512695	
0.0543213	
0.0582886	
0.0634766	
0.067749	
0.0708008	
0.0708008	
0.0714111	
0.072937	
0.0756836	
0.078125	
0.0805664	
0.0836182	
0.0875854	
0.0924683	
0.0982666	
0.0970459	
0.088501	
0.0744629	
0.0616455	
0.0534058	
0.0488281	
0.0469971	
0.050354	
0.0549316	
0.0582886	
0.06073	
0.0634766	
0.0668335	
0.0695801	
0.071106	
0.0714111	
0.0726318	
0.0753784	
0.0793457	
0.0808716	
0.0811768	
0.0820923	
0.0839233	
0.0866699	
0.0891113	
0.0927734	
0.0964355	
0.0997925	
0.101624	
0.104065	
0.107422	
0.111084	
0.114136	
0.117493	
0.12146	
0.125732	
0.128479	
0.13031	
0.132446	
0.133972	
0.134888	
0.135498	
0.137634	
0.142212	
0.147095	
0.150452	
0.153198	
0.155945	
0.159607	
0.162659	
0.1651	
0.166931	
0.169373	
0.172729	
0.176697	
0.180969	
0.184631	
0.186768	
0.188599	
0.189514	
0.191345	
0.195007	
0.19989	
0.204773	
0.20874	
0.211182	
0.211487	
0.210876	
0.211792	
0.214233	
0.218506	
0.222473	
0.224915	
0.226135	
0.227051	
0.228577	
0.230103	
0.232239	
0.23468	
0.237122	
0.238953	
0.239868	
0.241089	
0.242615	
0.245056	
0.248413	
0.248718	
0.239258	
0.219421	
0.19104	
0.161133	
0.131226	
0.101624	
0.0753784	
0.0564575	
0.0476074	
0.0457764	
0.0473022	
0.0479126	
0.0488281	
0.0512695	
0.0546265	
0.057373	
0.0588989	
0.0601196	
0.0592041	
0.0579834	
0.0570679	
0.0585938	
0.0622559	
0.0653076	
0.067749	
0.0695801	
0.0714111	
0.0726318	
0.072937	
0.0720215	
0.071106	
0.0717163	
0.0732422	
0.0759888	
0.0787354	
0.0811768	
0.0836182	
0.085144	
0.0866699	
0.0888062	
0.0906372	
0.0915527	
0.0912476	
0.0906372	
0.0909424	
0.0924683	
0.0942993	
0.0973511	
0.0994873	
0.102234	
0.10437	
0.105591	
0.106812	
0.108032	
0.108948	
0.108948	
0.107422	
0.105286	
0.104065	
0.104675	
0.106506	
0.107727	
0.108337	
0.108948	
0.109863	
0.111084	
0.111084	
0.111389	
0.11261	
0.115051	
0.116272	
0.116272	
0.115662	
0.115051	
0.114441	
0.113831	
0.11322	
0.113831	
0.114746	
0.116577	
0.118103	
0.118713	
0.118408	
0.117798	
0.117798	
0.117188	
0.116272	
0.116272	
0.116882	
0.118103	
0.117798	
0.115662	
0.113831	
0.112915	
0.112915	
0.112915	
0.113831	
0.115356	
0.116882	
0.116882	
0.115662	
0.114746	
0.11322	
0.111694	
0.110779	
0.110168	
0.110168	
0.109253	
0.108948	
0.109253	
0.110168	
0.110474	
0.109863	
0.109863	
0.110168	
0.110168	
0.109253	
0.107727	
0.105591	
0.102844	
0.0997925	
0.0976563	
0.0976563	
0.0979614	
0.0979614	
0.0976563	
0.0967407	
0.0952148	
0.0927734	
0.0906372	
0.0897217	
0.0891113	
0.0888062	
0.0881958	
0.0875854	
0.088501	
0.0888062	
0.0891113	
0.0891113	
0.0894165	
0.0906372	
0.0921631	
0.0930786	
0.0915527	
0.0888062	
0.0860596	
0.0845337	
0.0842285	
0.0854492	
0.0878906	
0.0912476	
0.0942993	
0.0952148	
0.0942993	
0.0924683	
0.0909424	
0.0900269	
0.0897217	
0.090332	
0.0921631	
0.093689	
0.0942993	
0.0933838	
0.0921631	
0.0909424	
0.0897217	
0.0888062	
0.0875854	
0.0860596	
0.0860596	
0.0866699	
0.0875854	
0.0872803	
0.0866699	
0.0875854	
0.0888062	
0.0900269	
0.090332	
0.0900269	
0.090332	
0.0900269	
0.0897217	
0.088501	
0.0875854	
0.0863647	
0.0872803	
0.0900269	
0.0933838	
0.0949097	
0.0939941	
0.0924683	
0.0909424	
0.0894165	
0.0875854	
0.0857544	
0.0848389	
0.0848389	
0.0854492	
0.085144	
0.0839233	
0.0820923	
0.0805664	
0.0796509	
0.0796509	
0.0802612	
0.0814819	
0.0820923	
0.0820923	
0.0820923	
0.0814819	
0.0823975	
0.0830078	
0.0839233	
0.085144	
0.0854492	
0.0857544	
0.0857544	
0.0857544	
0.0866699	
0.0869751	
0.0866699	
0.0863647	
0.0866699	
0.0869751	
0.0857544	
0.0836182	
0.0820923	
0.0805664	
0.0790405	
0.0772095	
0.0759888	
0.0759888	
0.0769043	
0.0787354	
0.0802612	
0.0808716	
0.0805664	
0.0790405	
0.0769043	
0.0750732	
0.0747681	
0.0753784	
0.0762939	
0.0765991	
0.0772095	
0.0775146	
0.078125	
0.0775146	
0.0769043	
0.0775146	
0.0775146	
0.0756836	
0.0738525	
0.0723267	
0.072937	
0.0741577	
0.0750732	
0.0753784	
0.0741577	
0.0723267	
0.071106	
0.0704956	
0.0698853	
0.0689697	
0.0683594	
0.0671387	
0.0656128	
0.0650024	
0.0650024	
0.0634766	
0.0592041	
0.0524902	
0.0476074	
0.0473022	
0.0494385	
0.050354	
0.0540161	
0.067749	
0.0918579	
0.121155	
0.14679	
0.167542	
0.185852	
0.199585	
0.205994	
0.205994	
0.203857	
0.202332	
0.202332	
0.202637	
0.202637	
0.202637	
0.201416	
0.201416	
0.202026	
0.202637	
0.203247	
0.203552	
0.205383	
0.207825	
0.209351	
0.209656	
0.20874	
0.209351	
0.209961	
0.209351	
0.207825	
0.205688	
0.204773	
0.204468	
0.204163	
0.203857	
0.204163	
0.204773	
0.205078	
0.203857	
0.201416	
0.199585	
0.198364	
0.198669	
0.198975	
0.19928	
0.198059	
0.196228	
0.194702	
0.195007	
0.195007	
0.193787	
0.191345	
0.189209	
0.188904	
0.188904	
0.189514	
0.188599	
0.186157	
0.1828	
0.179443	
0.177917	
0.177612	
0.177917	
0.177917	
0.178528	
0.178223	
0.176392	
0.173645	
0.169067	
0.1651	
0.162964	
0.162964	
0.164185	
0.163879	
0.162964	
0.161438	
0.160217	
0.158997	
0.156555	
0.153809	
0.149841	
0.145264	
0.141602	
0.141296	
0.142822	
0.143433	
0.141602	
0.13855	
0.135803	
0.134583	
0.140076	
0.158386	
0.187683	
0.222168	
0.254517	
0.284424	
0.314026	
0.343323	
0.372925	
0.401306	
0.428162	
0.452271	
0.474854	
0.497131	
0.516052	
0.526428	
0.527954	
0.522766	
0.518188	
0.515137	
0.512695	
0.509949	
0.506897	
0.50354	
0.499878	
0.496521	
0.493469	
0.490723	
0.487366	
0.484314	
0.482178	
0.481873	
0.482788	
0.483398	
0.481873	
0.476379	
0.46814	
0.460815	
0.457458	
0.456848	
0.456543	
0.455322	
0.454102	
0.452881	
0.450439	
0.447388	
0.44342	
0.439453	
0.436096	
0.432739	
0.431519	
0.431213	
0.430908	
0.428467	
0.424805	
0.420227	
0.415344	
0.409241	
0.403442	
0.399475	
0.397339	
0.395508	
0.394287	
0.391846	
0.388794	
0.384827	
0.380859	
0.375366	
0.369568	
0.364075	
0.361938	
0.361633	
0.361633	
0.360107	
0.357056	
0.351868	
0.346985	
0.343018	
0.33905	
0.335388	
0.332031	
0.329285	
0.326843	
0.322876	
0.317078	
0.310974	
0.305176	
0.300598	
0.297241	
0.2948	
0.291443	
0.288086	
0.28595	
0.284119	
0.281982	
0.278625	
0.275269	
0.270996	
0.266418	
0.26123	
0.255737	
0.251465	
0.249023	
0.247192	
0.245361	
0.242615	
0.239563	
0.237122	
0.232849	
0.227661	
0.222168	
0.216064	
0.214233	
0.223694	
0.24292	
0.266418	
0.284729	
0.297852	
0.309448	
0.316772	
0.317688	
0.313721	
0.309753	
0.307312	
0.305481	
0.30304	
0.299683	
0.296326	
0.292358	
0.289307	
0.286865	
0.283508	
0.278015	
0.272827	
0.270081	
0.268555	
0.266113	
0.261536	
0.256042	
0.252686	
0.25116	
0.250244	
0.247803	
0.24353	
0.238342	
0.233459	
0.229492	
0.226746	
0.224915	
0.222168	
0.218506	
0.214539	
0.211487	
0.209045	
0.206299	
0.202026	
0.197144	
0.192566	
0.188904	
0.186768	
0.184937	
0.183411	
0.18219	
0.179749	
0.176086	
0.171509	
0.167236	
0.163879	
0.160522	
0.157166	
0.153809	
0.151062	
0.149536	
0.148315	
0.146179	
0.142517	
0.137024	
0.13031	
0.124207	
0.118713	
0.122375	
0.138245	
0.163269	
0.187378	
0.2005	
0.203552	
0.201721	
0.197144	
0.19165	
0.186768	
0.183105	
0.180664	
0.177917	
0.175171	
0.17334	
0.171204	
0.167542	
0.162048	
0.15625	
0.151367	
0.148621	
0.147705	
0.146484	
0.144043	
0.138855	
0.134583	
0.130615	
0.128174	
0.126648	
0.125122	
0.123901	
0.12085	
0.117798	
0.114441	
0.110474	
0.105896	
0.101013	
0.0979614	
0.0961304	
0.0946045	
0.0921631	
0.0878906	
0.0842285	
0.0817871	
0.0817871	
0.0817871	
0.0808716	
0.0775146	
0.0732422	
0.0686646	
0.0643921	
0.0588989	
0.0549316	
0.0521851	
0.0518799	
0.0518799	
0.0509644	
0.0476074	
0.0421143	
0.0363159	
0.0335693	
0.0332642	
0.0338745	
0.0338745	
0.032959	
0.0320435	
0.0302124	
0.0286865	
0.0271606	
0.0265503	
0.0262451	
0.0241089	
0.0213623	
0.0189209	
0.0170898	
0.015564	
0.0128174	
0.0100708	
0.00854492	
0.00732422	
0.00488281	
0.00305176	
0.00183105	
0.000915527	
-0.000915527	
-0.00396729	
-0.00701904	
-0.0109863	
-0.0149536	
-0.0183105	
-0.0195313	
-0.0192261	
-0.0198364	
-0.0219727	
-0.0241089	
-0.0259399	
-0.0268555	
-0.0274658	
-0.0283813	
-0.0286865	
-0.0286865	
-0.0280762	
-0.0268555	
-0.0265503	
-0.0274658	
-0.0302124	
-0.032959	
-0.0332642	
-0.0335693	
-0.0372314	
-0.0442505	
-0.0512695	
-0.0537109	
-0.0521851	
-0.0509644	
-0.0509644	
-0.0518799	
-0.0531006	
-0.0534058	
-0.0527954	
-0.0524902	
-0.0537109	
-0.055542	
-0.0558472	
-0.0537109	
-0.050354	
-0.0479126	
-0.0473022	
-0.0460815	
-0.0457764	
-0.0457764	
-0.0460815	
-0.0460815	
-0.0460815	
-0.0463867	
-0.0482178	
-0.050354	
-0.0518799	
-0.0524902	
-0.0512695	
-0.050354	
-0.0497437	
-0.0488281	
-0.0473022	
-0.0460815	
-0.0445557	
-0.0436401	
-0.043335	
-0.0436401	
-0.0448608	
-0.0454712	
-0.045166	
-0.045166	
-0.0454712	
-0.0457764	
-0.0454712	
-0.0448608	
-0.0442505	
-0.043335	
-0.0424194	
-0.0424194	
-0.0427246	
-0.0427246	
-0.0405884	
-0.0378418	
-0.0357056	
-0.0338745	
-0.0326538	
-0.0311279	
-0.0305176	
-0.0308228	
-0.0320435	
-0.032959	
-0.0317383	
-0.0289917	
-0.0256348	
-0.0244141	
-0.0247192	
-0.0253296	
-0.0265503	
-0.0274658	
-0.0271606	
-0.0265503	
-0.0259399	
-0.0262451	
-0.0265503	
-0.0268555	
-0.0262451	
-0.0253296	
-0.0253296	
-0.0268555	
-0.0289917	
-0.0296021	
-0.0286865	
-0.0274658	
-0.027771	
-0.0292969	
-0.0305176	
-0.0302124	
-0.0296021	
-0.0292969	
-0.0299072	
-0.0302124	
-0.0289917	
-0.0271606	
-0.0259399	
-0.0250244	
-0.0244141	
-0.0244141	
-0.0250244	
-0.0259399	
-0.0262451	
-0.0253296	
-0.0241089	
-0.0228882	
-0.0219727	
-0.0213623	
-0.0210571	
-0.0204468	
-0.020752	
-0.0204468	
-0.0195313	
-0.0180054	
-0.0167847	
-0.0164795	
-0.0167847	
-0.0167847	
-0.0164795	
-0.0158691	
-0.0149536	
-0.0137329	
-0.0125122	
-0.0109863	
-0.0106812	
-0.0100708	
-0.00946045	
-0.00793457	
-0.00671387	
-0.00640869	
-0.00701904	
-0.00823975	
-0.00915527	
-0.00976563	
-0.0088501	
-0.00732422	
-0.00518799	
-0.00274658	
-0.000915527	
0.000305176	
0	
0.000610352	
-0.000305176	
0	
0.000610352	
0.00183105	
0.00244141	
0.00244141	
0.00213623	
0.00244141	
0.00335693	
0.00457764	
0.00610352	
0.00701904	
0.00579834	
0.00274658	
-0.000305176	
-0.00244141	
-0.00244141	
-0.000305176	
0.00213623	
0.00396729	
0.00335693	
0.00183105	
0.000610352	
0.000915527	
0.000915527	
0.000915527	
0.000610352	
0.0012207	
0.00305176	
0.00518799	
0.00671387	
0.00732422	
0.00701904	
0.00762939	
0.00823975	
0.00854492	
0.00793457	
0.00732422	
0.00732422	
0.00701904	
0.00610352	
0.00549316	
0.00610352	
0.00732422	
0.00762939	
0.00823975	
0.00946045	
0.0100708	
0.010376	
0.010376	
0.0106812	
0.0119019	
0.012207	
0.0115967	
0.0106812	
0.0100708	
0.010376	
0.010376	
0.0112915	
0.0106812	
0.00915527	
0.00762939	
0.00610352	
0.00488281	
0.00457764	
0.00518799	
0.00579834	
0.00488281	
0.00152588	
-0.00152588	
-0.00244141	
-0.0012207	
0.000305176	
0.00213623	
0.00305176	
0.00213623	
0.000305176	
-0.00183105	
-0.00244141	
-0.00152588	
-0.000305176	
0.0012207	
0.00213623	
0.00183105	
0.000610352	
-0.00183105	
-0.00396729	
-0.00610352	
-0.00793457	
-0.00854492	
-0.00823975	
-0.00762939	
-0.00732422	
-0.0088501	
-0.010376	
-0.012207	
-0.0143433	
-0.00946045	
0.00793457	
0.0393677	
0.078125	
0.115356	
0.151062	
0.186768	
0.222168	
0.255737	
0.288086	
0.319214	
0.349121	
0.37323	
0.388489	
0.393677	
0.393066	
0.390625	
0.389099	
0.389099	
0.389099	
0.387573	
0.385437	
0.383301	
0.381775	
0.380554	
0.378418	
0.375366	
0.37262	
0.370483	
0.368958	
0.367737	
0.365906	
0.36377	
0.361633	
0.359497	
0.358582	
0.359192	
0.360107	
0.359192	
0.356445	
0.352173	
0.348816	
0.34668	
0.344849	
0.342712	
0.339966	
0.337524	
0.335693	
0.333862	
0.332642	
0.330811	
0.329285	
0.327148	
0.325623	
0.324402	
0.322571	
0.319824	
0.314941	
0.310669	
0.308533	
0.307922	
0.307617	
0.304871	
0.301514	
0.299072	
0.297546	
0.295715	
0.293274	
0.290222	
0.288086	
0.28595	
0.284729	
0.284424	
0.285339	
0.28595	
0.285339	
0.283508	
0.281982	
0.281067	
0.280457	
0.27832	
0.275574	
0.271912	
0.26947	
0.26886	
0.267944	
0.267029	
0.265808	
0.263367	
0.26001	
0.254822	
0.249634	
0.243835	
0.240479	
0.239868	
0.239258	
0.237427	
0.233459	
0.229187	
0.227356	
0.224915	
0.222778	
0.219727	
0.216675	
0.213013	
0.20874	
0.204773	
0.202332	
0.202026	
0.202637	
0.201721	
0.19989	
0.196533	
0.192871	
0.189209	
0.184937	
0.1828	
0.180969	
0.179443	
0.177917	
0.177612	
0.177002	
0.176697	
0.175476	
0.17334	
0.169983	
0.166016	
0.162964	
0.161438	
0.160217	
0.15686	
0.153809	
0.151062	
0.149231	
0.147095	
0.144653	
0.143738	
0.143433	
0.141296	
0.13916	
0.137939	
0.137634	
0.135498	
0.132446	
0.129395	
0.126953	
0.123596	
0.119019	
0.114136	
0.110168	
0.107727	
0.10498	
0.102234	
0.0985718	
0.0939941	
0.0897217	
0.0866699	
0.0836182	
0.0808716	
0.0836182	
0.0997925	
0.130005	
0.169983	
0.209351	
0.245667	
0.281067	
0.31311	
0.33905	
0.353699	
0.35614	
0.351868	
0.346069	
0.342407	
0.339355	
0.336609	
0.334778	
0.332031	
0.328674	
0.324402	
0.32196	
0.319824	
0.316467	
0.310974	
0.307007	
0.306396	
0.307617	
0.306396	
0.301819	
0.296936	
0.292969	
0.290527	
0.28717	
0.284119	
0.281982	
0.280762	
0.280457	
0.278931	
0.276794	
0.273438	
0.270081	
0.267944	
0.266724	
0.265198	
0.263367	
0.261536	
0.260315	
0.258789	
0.255432	
0.25116	
0.247498	
0.245972	
0.245972	
0.245667	
0.245056	
0.243225	
0.240784	
0.238647	
0.236511	
0.234375	
0.232239	
0.228577	
0.22522	
0.222473	
0.221252	
0.221863	
0.221252	
0.219421	
0.21637	
0.213318	
0.210266	
0.206604	
0.203857	
0.202026	
0.200806	
0.198364	
0.195618	
0.193481	
0.191345	
0.189209	
0.187683	
0.186462	
0.183716	
0.179443	
0.180359	
0.189209	
0.201721	
0.209045	
0.20813	
0.203247	
0.200195	
0.19989	
0.198669	
0.195618	
0.190735	
0.186462	
0.183411	
0.180969	
0.178833	
0.178223	
0.178223	
0.178223	
0.176392	
0.17334	
0.170288	
0.167847	
0.165405	
0.162964	
0.159912	
0.158081	
0.156555	
0.155334	
0.154114	
0.153198	
0.153198	
0.152893	
0.151672	
0.151062	
0.150146	
0.14801	
0.144653	
0.141907	
0.140381	
0.13855	
0.136108	
0.133362	
0.131836	
0.130615	
0.129089	
0.127563	
0.125427	
0.123291	
0.12085	
0.118103	
0.115051	
0.111389	
0.111389	
0.116882	
0.122375	
0.122986	
0.117188	
0.111084	
0.107727	
0.106812	
0.106201	
0.105591	
0.105591	
0.10437	
0.101318	
0.0976563	
0.0949097	
0.0924683	
0.0897217	
0.0869751	
0.0842285	
0.0820923	
0.0817871	
0.0817871	
0.0808716	
0.0778198	
0.0732422	
0.0686646	
0.0650024	
0.0613403	
0.0582886	
0.0549316	
0.0518799	
0.0500488	
0.0485229	
0.0473022	
0.0454712	
0.0439453	
0.0427246	
0.0415039	
0.0390625	
0.0357056	
0.0320435	
0.0305176	
0.0302124	
0.0311279	
0.0308228	
0.0286865	
0.0247192	
0.020752	
0.0189209	
0.0195313	
0.0198364	
0.0183105	
0.0134277	
0.00915527	
0.00579834	
0.00518799	
0.00579834	
0.00610352	
0.00457764	
0.00152588	
-0.00183105	
-0.00366211	
-0.00335693	
-0.00366211	
-0.00518799	
-0.00762939	
-0.0088501	
-0.00793457	
-0.00732422	
-0.00823975	
-0.0112915	
-0.0149536	
-0.0177002	
-0.0192261	
-0.0198364	
-0.0198364	
-0.0201416	
-0.0204468	
-0.0222778	
-0.0247192	
-0.0268555	
-0.0280762	
-0.0292969	
-0.0302124	
-0.0302124	
-0.0308228	
-0.0308228	
-0.0317383	
-0.0326538	
-0.0335693	
-0.03479	
-0.0366211	
-0.0384521	
-0.039978	
-0.0402832	
-0.0396729	
-0.0387573	
-0.0408936	
-0.0448608	
-0.0473022	
-0.0476074	
-0.0463867	
-0.0473022	
-0.0485229	
-0.0491333	
-0.0485229	
-0.0488281	
-0.0497437	
-0.0512695	
-0.0512695	
-0.0506592	
-0.0494385	
-0.0491333	
-0.0500488	
-0.0512695	
-0.0515747	
-0.0509644	
-0.0497437	
-0.0488281	
-0.0482178	
-0.0479126	
-0.0476074	
-0.0469971	
-0.0466919	
-0.0473022	
-0.0482178	
-0.0494385	
-0.050354	
-0.0509644	
-0.0521851	
-0.0531006	
-0.0534058	
-0.0531006	
-0.0527954	
-0.0521851	
-0.0521851	
-0.0515747	
-0.0515747	
-0.0509644	
-0.050354	
-0.0512695	
-0.0521851	
-0.0524902	
-0.0506592	
-0.0482178	
-0.0466919	
-0.0473022	
-0.0488281	
-0.0494385	
-0.0491333	
-0.0485229	
-0.0479126	
-0.0473022	
-0.0473022	
-0.0473022	
-0.0479126	
-0.0476074	
-0.0469971	
-0.0463867	
-0.0466919	
-0.0466919	
-0.0469971	
-0.0463867	
-0.0466919	
-0.0476074	
-0.0485229	
-0.0485229	
-0.0479126	
-0.0476074	
-0.0466919	
-0.0454712	
-0.0445557	
-0.045166	
-0.0463867	
-0.0473022	
-0.0469971	
-0.0469971	
-0.0482178	
-0.0491333	
-0.0485229	
-0.0460815	
-0.043335	
-0.0411987	
-0.0415039	
-0.0424194	
-0.0442505	
-0.0457764	
-0.0479126	
-0.0500488	
-0.0509644	
-0.0509644	
-0.0506592	
-0.0509644	
-0.0518799	
-0.0515747	
-0.0512695	
-0.050354	
-0.0500488	
-0.0494385	
-0.0479126	
-0.0473022	
-0.0491333	
-0.0509644	
-0.0509644	
-0.0479126	
-0.045166	
-0.043335	
-0.0424194	
-0.0415039	
-0.0408936	
-0.0405884	
-0.0408936	
-0.0408936	
-0.0415039	
-0.0415039	
-0.0402832	
-0.0390625	
-0.0375366	
-0.0375366	
-0.0372314	
-0.0378418	
-0.0384521	
-0.0390625	
-0.0390625	
-0.0375366	
-0.0354004	
-0.032959	
-0.0320435	
-0.0338745	
-0.0363159	
-0.0372314	
-0.0369263	
-0.0354004	
-0.0354004	
-0.0363159	
-0.0366211	
-0.0363159	
-0.0350952	
-0.03479	
-0.0354004	
-0.0366211	
-0.0363159	
-0.0354004	
-0.0332642	
-0.032959	
-0.032959	
-0.0326538	
-0.0326538	
-0.0326538	
-0.032959	
-0.0326538	
-0.0326538	
-0.0332642	
-0.0338745	
-0.0332642	
-0.0335693	
-0.03479	
-0.0369263	
-0.0378418	
-0.0366211	
-0.03479	
-0.0332642	
-0.0326538	
-0.0326538	
-0.0323486	
-0.0314331	
-0.0302124	
-0.0311279	
-0.032959	
-0.0332642	
-0.032959	
-0.0323486	
-0.032959	
-0.0323486	
-0.0311279	
-0.0317383	
-0.0344849	
-0.0372314	
-0.0372314	
-0.0350952	
-0.0332642	
-0.0314331	
-0.0305176	
-0.0286865	
-0.0253296	
-0.0216675	
-0.0186157	
-0.0167847	
-0.0167847	
-0.0177002	
-0.0198364	
-0.0213623	
-0.0216675	
-0.0204468	
-0.0192261	
-0.0180054	
-0.0180054	
-0.0186157	
-0.0186157	
-0.0183105	
-0.0170898	
-0.0167847	
-0.0183105	
-0.0198364	
-0.0198364	
-0.0186157	
-0.0170898	
-0.015564	
-0.0149536	
-0.0152588	
-0.0152588	
-0.0161743	
-0.0161743	
-0.0158691	
-0.0161743	
-0.0161743	
-0.0158691	
-0.015564	
-0.0143433	
-0.0125122	
-0.010376	
-0.00823975	
-0.00762939	
-0.00701904	
-0.00793457	
-0.0100708	
-0.0140381	
-0.0167847	
-0.017395	
-0.0164795	
-0.0143433	
-0.0125122	
-0.0115967	
-0.0128174	
-0.015564	
-0.0183105	
-0.0189209	
-0.0183105	
-0.017395	
-0.0167847	
-0.0158691	
-0.0140381	
-0.0128174	
-0.0125122	
-0.0128174	
-0.0125122	
-0.0109863	
-0.010376	
-0.010376	
-0.0100708	
-0.00915527	
-0.00762939	
-0.00671387	
-0.00610352	
-0.00579834	
-0.00549316	
-0.00579834	
-0.00640869	
-0.00671387	
-0.00640869	
-0.00671387	
-0.00762939	
-0.00915527	
-0.00915527	
-0.00823975	
-0.00671387	
-0.00549316	
-0.00488281	
-0.00335693	
-0.00183105	
-0.000915527	
-0.000305176	
-0.000305176	
0.000610352	
0.00183105	
0.00366211	
0.00579834	
0.00701904	
0.00793457	
0.0088501	
0.00976563	
0.010376	
0.00946045	
0.00732422	
0.00610352	
0.00640869	
0.00854492	
0.0109863	
0.012207	
0.0128174	
0.0128174	
0.0134277	
0.0152588	
0.0180054	
0.020752	
0.0228882	
0.0238037	
0.0244141	
0.0256348	
0.0268555	
0.0289917	
0.0305176	
0.0302124	
0.0299072	
0.0289917	
0.0286865	
0.0305176	
0.0317383	
0.0314331	
0.0302124	
0.0289917	
0.0292969	
0.0302124	
0.0308228	
0.0320435	
0.0341797	
0.0363159	
0.0390625	
0.0411987	
0.0439453	
0.0466919	
0.0482178	
0.0491333	
0.050354	
0.0521851	
0.0534058	
0.0534058	
0.0531006	
0.0527954	
0.0527954	
0.0537109	
0.055542	
0.0588989	
0.0619507	
0.0646973	
0.0680542	
0.0717163	
0.0744629	
0.0750732	
0.0738525	
0.0732422	
0.0741577	
0.0769043	
0.0808716	
0.0842285	
0.0875854	
0.0839233	
0.0701904	
0.0473022	
0.0204468	
-0.00579834	
-0.032959	
-0.062561	
-0.0918579	
-0.118713	
-0.142822	
-0.16449	
-0.18158	
-0.19165	
-0.193787	
-0.192261	
-0.19104	
-0.19043	
-0.19104	
-0.19165	
-0.192261	
-0.191345	
-0.187988	
-0.183716	
-0.180359	
-0.177307	
-0.175171	
-0.172424	
-0.169067	
-0.165405	
-0.162964	
-0.161743	
-0.162354	
-0.162048	
-0.160522	
-0.158081	
-0.155029	
-0.152588	
-0.149841	
-0.1474	
-0.145264	
-0.142517	
-0.13855	
-0.134277	
-0.131531	
-0.131836	
-0.132751	
-0.132446	
-0.131531	
-0.130615	
-0.129089	
-0.126343	
-0.122986	
-0.119934	
-0.117798	
-0.116272	
-0.115662	
-0.116577	
-0.116882	
-0.115662	
-0.112305	
-0.108643	
-0.10498	
-0.102539	
-0.100403	
-0.0991821	
-0.0973511	
-0.0958252	
-0.0933838	
-0.090332	
-0.0866699	
-0.0817871	
-0.0787354	
-0.0762939	
-0.0741577	
-0.0726318	
-0.0708008	
-0.0714111	
-0.0793457	
-0.093689	
-0.113831	
-0.133972	
-0.151672	
-0.167542	
-0.18158	
-0.192566	
-0.197449	
-0.195923	
-0.190735	
-0.186768	
-0.185547	
-0.184631	
-0.1828	
-0.178833	
-0.175476	
-0.174255	
-0.175171	
-0.176697	
-0.176697	
-0.174866	
-0.172424	
-0.169373	
-0.166626	
-0.165405	
-0.163574	
-0.161133	
-0.157471	
-0.15564	
-0.155334	
-0.155334	
-0.154724	
-0.152588	
-0.149841	
-0.14679	
-0.144348	
-0.142212	
-0.140686	
-0.138855	
-0.137634	
-0.136108	
-0.133972	
-0.131226	
-0.128479	
-0.126343	
-0.124512	
-0.122375	
-0.121155	
-0.12085	
-0.119934	
-0.117493	
-0.114441	
-0.111084	
-0.108032	
-0.104675	
-0.101929	
-0.0997925	
-0.0973511	
-0.0949097	
-0.0994873	
-0.111084	
-0.131531	
-0.154724	
-0.178833	
-0.203857	
-0.226135	
-0.24353	
-0.254517	
-0.258789	
-0.258789	
-0.256042	
-0.253296	
-0.250854	
-0.249939	
-0.249023	
-0.247803	
-0.245667	
-0.24231	
-0.238647	
-0.234375	
-0.231323	
-0.229797	
-0.228271	
-0.22583	
-0.223389	
-0.221558	
-0.218811	
-0.215454	
-0.212708	
-0.210876	
-0.208435	
-0.205383	
-0.202026	
-0.198364	
-0.195007	
-0.191956	
-0.189514	
-0.188293	
-0.187378	
-0.185547	
-0.183105	
-0.180359	
-0.177917	
-0.175476	
-0.172729	
-0.169678	
-0.166626	
-0.163574	
-0.160828	
-0.157471	
-0.152588	
-0.148315	
-0.150146	
-0.160217	
-0.177002	
-0.194702	
-0.209045	
-0.218811	
-0.224915	
-0.22522	
-0.221558	
-0.216064	
-0.212708	
-0.213318	
-0.215759	
-0.215454	
-0.210876	
-0.204468	
-0.197449	
-0.193481	
-0.191956	
-0.192261	
-0.19165	
-0.189819	
-0.187378	
-0.183105	
-0.178223	
-0.172424	
-0.168457	
-0.167236	
-0.167236	
-0.166016	
-0.162964	
-0.159607	
-0.15625	
-0.152588	
-0.149231	
-0.145264	
-0.141907	
-0.137939	
-0.133972	
-0.13092	
-0.127563	
-0.124207	
-0.119934	
-0.115967	
-0.112305	
-0.109253	
-0.108032	
-0.107422	
-0.107117	
-0.106201	
-0.10437	
-0.102539	
-0.098877	
-0.09552	
-0.0927734	
-0.0906372	
-0.0888062	
-0.0872803	
-0.0848389	
-0.0830078	
-0.0799561	
-0.0762939	
-0.0723267	
-0.0683594	
-0.0650024	
-0.0619507	
-0.0595093	
-0.0564575	
-0.0537109	
-0.0512695	
-0.0491333	
-0.0469971	
-0.043335	
-0.0396729	
-0.0372314	
-0.0360107	
-0.03479	
-0.0320435	
-0.0286865	
-0.0262451	
-0.0253296	
-0.0247192	
-0.0231934	
-0.0210571	
-0.0201416	
-0.0198364	
-0.0189209	
-0.017395	
-0.0149536	
-0.0119019	
-0.00915527	
-0.00610352	
-0.00335693	
0.000610352	
0.00549316	
0.00976563	
0.012207	
0.0125122	
0.0134277	
0.0152588	
0.0177002	
0.0192261	
0.0204468	
0.0177002	
0.0119019	
0.00579834	
0.00427246	
0.00823975	
0.0131226	
0.0158691	
0.0164795	
0.0164795	
0.0164795	
0.0170898	
0.0192261	
0.022583	
0.0253296	
0.0274658	
0.0283813	
0.0286865	
0.0292969	
0.0296021	
0.0299072	
0.0311279	
0.0323486	
0.0332642	
0.0335693	
0.0338745	
0.0366211	
0.0396729	
0.0421143	
0.0430298	
0.0439453	
0.0445557	
0.0448608	
0.0439453	
0.043335	
0.0427246	
0.0424194	
0.0424194	
0.0430298	
0.0430298	
0.0439453	
0.045166	
0.0463867	
0.0473022	
0.0469971	
0.0463867	
0.0460815	
0.0473022	
0.0482178	
0.0473022	
0.045166	
0.0436401	
0.0436401	
0.0448608	
0.0448608	
0.0454712	
0.0457764	
0.0463867	
0.0463867	
0.0439453	
0.039978	
0.0369263	
0.0354004	
0.0341797	
0.0357056	
0.0442505	
0.0582886	
0.0698853	
0.0701904	
0.062561	
0.055542	
0.0540161	
0.0552368	
0.0567627	
0.0558472	
0.0540161	
0.0531006	
0.0518799	
0.0509644	
0.0506592	
0.0512695	
0.0527954	
0.0537109	
0.0540161	
0.0540161	
0.0540161	
0.0540161	
0.0540161	
0.0527954	
0.0512695	
0.0500488	
0.0500488	
0.050354	
0.050354	
0.050354	
0.050354	
0.050354	
0.0509644	
0.0512695	
0.0512695	
0.0509644	
0.050354	
0.0506592	
0.050354	
0.0494385	
0.0466919	
0.0439453	
0.043335	
0.0436401	
0.043335	
0.0421143	
0.0418091	
0.0421143	
0.0427246	
0.0424194	
0.0411987	
0.0411987	
0.0408936	
0.0402832	
0.0396729	
0.0390625	
0.0384521	
0.0369263	
0.03479	
0.0323486	
0.0326538	
0.0341797	
0.0360107	
0.0363159	
0.0357056	
0.0357056	
0.0354004	
0.0344849	
0.0323486	
0.0305176	
0.0289917	
0.0292969	
0.0299072	
0.0302124	
0.0305176	
0.0305176	
0.0311279	
0.0299072	
0.0274658	
0.0259399	
0.0256348	
0.0259399	
0.0256348	
0.0253296	
0.0250244	
0.0250244	
0.0244141	
0.0241089	
0.0250244	
0.0262451	
0.0271606	
0.0265503	
0.0253296	
0.0244141	
0.0234985	
0.0231934	
0.0241089	
0.0253296	
0.0262451	
0.0244141	
0.0213623	
0.0195313	
0.0192261	
0.0195313	
0.0183105	
0.015564	
0.0137329	
0.0137329	
0.0143433	
0.0152588	
0.0158691	
0.0170898	
0.0177002	
0.0180054	
0.017395	
0.0167847	
0.0164795	
0.017395	
0.0198364	
0.0216675	
0.0216675	
0.0213623	
0.0213623	
0.0213623	
0.020752	
0.0195313	
0.0192261	
0.0192261	
0.0189209	
0.0189209	
0.0189209	
0.0189209	
0.0186157	
0.0183105	
0.0183105	
0.0180054	
0.0161743	
0.0146484	
0.0137329	
0.0149536	
0.0164795	
0.017395	
0.0170898	
0.0180054	
0.0201416	
0.0219727	
0.0222778	
0.0219727	
0.022583	
0.0244141	
0.0259399	
0.0262451	
0.0256348	
0.0244141	
0.0238037	
0.0228882	
0.022583	
0.022583	
0.0234985	
0.0241089	
0.0241089	
0.0234985	
0.0234985	
0.0241089	
0.0238037	
0.0231934	
0.022583	
0.0216675	
0.020752	
0.0192261	
0.017395	
0.0158691	
0.0149536	
0.015564	
0.0149536	
0.0128174	
0.010376	
0.00915527	
0.0100708	
0.0109863	
0.0125122	
0.0137329	
0.0137329	
0.0119019	
0.00854492	
0.00671387	
0.00671387	
0.00854492	
0.0109863	
0.0131226	
0.0143433	
0.0149536	
0.015564	
0.0152588	
0.0137329	
0.0119019	
0.0106812	
0.0115967	
0.0143433	
0.0161743	
0.0164795	
0.0146484	
0.0125122	
0.0109863	
0.0106812	
0.0106812	
0.0100708	
0.00854492	
0.00671387	
0.00549316	
0.00640869	
0.00732422	
0.00793457	
0.00793457	
0.0088501	
0.0109863	
0.0128174	
0.0125122	
0.0106812	
0.00946045	
0.00915527	
0.0100708	
0.010376	
0.00915527	
0.00762939	
0.00701904	
0.00854492	
0.0106812	
0.0119019	
0.0109863	
0.00823975	
0.00549316	
0.00305176	
0.00244141	
0.00213623	
-0.00244141	
-0.0112915	
-0.0216675	
-0.0305176	
-0.0366211	
-0.0430298	
-0.0488281	
-0.0521851	
-0.0531006	
-0.0524902	
-0.0515747	
-0.0515747	
-0.0518799	
-0.0515747	
-0.0506592	
-0.0497437	
-0.0497437	
-0.0497437	
-0.0494385	
-0.0494385	
-0.0506592	
-0.0527954	
-0.0558472	
-0.0579834	
-0.0588989	
-0.0585938	
-0.0570679	
-0.0552368	
-0.0534058	
-0.0527954	
-0.0518799	
-0.0521851	
-0.0521851	
-0.0521851	
-0.0521851	
-0.0524902	
-0.0531006	
-0.0527954	
-0.0509644	
-0.0482178	
-0.0460815	
-0.0460815	
-0.0482178	
-0.0506592	
-0.0512695	
-0.0488281	
-0.0457764	
-0.0445557	
-0.0448608	
-0.045166	
-0.0445557	
-0.0439453	
-0.0424194	
-0.0411987	
-0.039978	
-0.0405884	
-0.0411987	
-0.0405884	
-0.0390625	
-0.0369263	
-0.0354004	
-0.0338745	
-0.0317383	
-0.0302124	
-0.0292969	
-0.0296021	
-0.0308228	
-0.0317383	
-0.0323486	
-0.0320435	
-0.0317383	
-0.0323486	
-0.032959	
-0.0326538	
-0.0299072	
-0.0262451	
-0.0222778	
-0.0234985	
-0.0338745	
-0.0527954	
-0.0753784	
-0.09552	
-0.115356	
-0.13855	
-0.162048	
-0.179443	
-0.187683	
-0.188293	
-0.186768	
-0.184631	
-0.18158	
-0.178223	
-0.176086	
-0.175476	
-0.175781	
-0.175781	
-0.175781	
-0.175476	
-0.17334	
-0.169983	
-0.168152	
-0.167542	
-0.166626	
-0.164795	
-0.160217	
-0.15686	
-0.155029	
-0.153198	
-0.151062	
-0.147705	
-0.144653	
-0.143738	
-0.143433	
-0.143127	
-0.142212	
-0.140381	
-0.13855	
-0.136719	
-0.134888	
-0.133057	
-0.130615	
-0.128174	
-0.126343	
-0.123596	
-0.12207	
-0.121155	
-0.122375	
-0.123901	
-0.123901	
-0.123291	
-0.12207	
-0.119324	
-0.115356	
-0.110474	
-0.106201	
-0.102234	
-0.0985718	
-0.0958252	
-0.0939941	
-0.0921631	
-0.0900269	
-0.0875854	
-0.0845337	
-0.0823975	
-0.0808716	
-0.0799561	
-0.0787354	
-0.0775146	
-0.0756836	
-0.0741577	
-0.0704956	
-0.065918	
-0.0616455	
-0.0592041	
-0.0561523	
-0.0531006	
-0.0570679	
-0.0692749	
-0.0894165	
-0.111389	
-0.132446	
-0.155334	
-0.180664	
-0.205078	
-0.22522	
-0.237732	
-0.24231	
-0.241394	
-0.237122	
-0.231934	
-0.228271	
-0.22583	
-0.224915	
-0.223083	
-0.220337	
-0.217285	
-0.213928	
-0.211487	
-0.209045	
-0.206909	
-0.204773	
-0.202026	
-0.19928	
-0.196838	
-0.194397	
-0.19104	
-0.186462	
-0.183105	
-0.181274	
-0.180969	
-0.180664	
-0.179749	
-0.178223	
-0.175476	
-0.172729	
-0.170288	
-0.168152	
-0.16571	
-0.162964	
-0.160828	
-0.158691	
-0.15686	
-0.154114	
-0.151062	
-0.147705	
-0.145264	
-0.144043	
-0.142517	
-0.139771	
-0.136108	
-0.132141	
-0.129395	
-0.126343	
-0.123596	
-0.121155	
-0.118103	
-0.114746	
-0.112	
-0.110168	
-0.109253	
-0.107422	
-0.10498	
-0.102539	
-0.100708	
-0.0985718	
-0.0952148	
-0.0912476	
-0.0881958	
-0.0857544	
-0.083313	
-0.0808716	
-0.0787354	
-0.0775146	
-0.0750732	
-0.0708008	
-0.0665283	
-0.0637817	
-0.0640869	
-0.0640869	
-0.0616455	
-0.0576782	
-0.0540161	
-0.0527954	
-0.0524902	
-0.0527954	
-0.0512695	
-0.0482178	
-0.0442505	
-0.0436401	
-0.0494385	
-0.0604248	
-0.0717163	
-0.078125	
-0.0790405	
-0.0772095	
-0.0744629	
-0.0726318	
-0.071106	
-0.0689697	
-0.0653076	
-0.0610352	
-0.0576782	
-0.0558472	
-0.0534058	
-0.0515747	
-0.0488281	
-0.0469971	
-0.0457764	
-0.0439453	
-0.0411987	
-0.0378418	
-0.0354004	
-0.0341797	
-0.032959	
-0.0302124	
-0.0265503	
-0.0241089	
-0.0222778	
-0.020752	
-0.0198364	
-0.0186157	
-0.0161743	
-0.0125122	
-0.0088501	
-0.00640869	
-0.00518799	
-0.00366211	
-0.00305176	
-0.00274658	
-0.00244141	
-0.000305176	
0.00366211	
0.00762939	
0.0115967	
0.015564	
0.0180054	
0.0198364	
0.020752	
0.0231934	
0.0259399	
0.0289917	
0.0305176	
0.0314331	
0.032959	
0.03479	
0.0375366	
0.0411987	
0.0445557	
0.0482178	
0.0506592	
0.0515747	
0.0531006	
0.055542	
0.0579834	
0.0598145	
0.0616455	
0.0631714	
0.065918	
0.0695801	
0.0747681	
0.0799561	
0.0772095	
0.0634766	
0.0384521	
0.00732422	
-0.0268555	
-0.0637817	
-0.0991821	
-0.128479	
-0.147705	
-0.15564	
-0.154419	
-0.149231	
-0.144653	
-0.142517	
-0.140076	
-0.136719	
-0.132446	
-0.129395	
-0.126648	
-0.123596	
-0.120544	
-0.118103	
-0.117188	
-0.115967	
-0.114746	
-0.112305	
-0.110168	
-0.107727	
-0.106812	
-0.105286	
-0.101929	
-0.0970459	
-0.0942993	
-0.0930786	
-0.0921631	
-0.0900269	
-0.0866699	
-0.0845337	
-0.0823975	
-0.0784302	
-0.0714111	
-0.0646973	
-0.0601196	
-0.057373	
-0.055542	
-0.0534058	
-0.0521851	
-0.0518799	
-0.0506592	
-0.0482178	
-0.045166	
-0.0424194	
-0.0405884	
-0.0387573	
-0.0366211	
-0.0335693	
-0.0311279	
-0.0292969	
-0.0265503	
-0.0231934	
-0.0183105	
-0.0131226	
-0.0088501	
-0.00518799	
-0.00366211	
-0.00244141	
-0.00244141	
-0.00152588	
0.000610352	
0.00366211	
0.00732422	
0.0100708	
0.0134277	
0.0164795	
0.0189209	
0.0210571	
0.0231934	
0.0259399	
0.0280762	
0.0302124	
0.0320435	
0.0335693	
0.0357056	
0.0375366	
0.0396729	
0.0411987	
0.0439453	
0.0479126	
0.0518799	
0.0543213	
0.055542	
0.0570679	
0.0598145	
0.0622559	
0.0643921	
0.0656128	
0.0671387	
0.0680542	
0.0692749	
0.0698853	
0.0714111	
0.0744629	
0.078125	
0.0817871	
0.0845337	
0.085144	
0.085144	
0.0857544	
0.0869751	
0.0894165	
0.0915527	
0.093689	
0.09552	
0.0973511	
0.0985718	
0.098877	
0.0982666	
0.0985718	
0.0997925	
0.101013	
0.100708	
0.100098	
0.0997925	
0.100403	
0.101929	
0.104065	
0.106506	
0.108032	
0.109253	
0.110168	
0.111694	
0.112915	
0.113831	
0.114441	
0.114441	
0.115051	
0.115662	
0.117188	
0.120544	
0.123596	
0.125732	
0.124207	
0.120239	
0.117188	
0.115967	
0.117188	
0.119324	
0.121155	
0.12146	
0.119934	
0.118713	
0.118408	
0.118713	
0.117798	
0.116272	
0.115356	
0.115662	
0.115662	
0.114746	
0.115051	
0.117188	
0.120239	
0.122681	
0.124512	
0.125427	
0.125732	
0.126343	
0.126953	
0.128479	
0.129089	
0.128784	
0.126343	
0.124207	
0.122681	
0.121765	
0.120544	
0.119934	
0.119629	
0.119934	
0.120544	
0.120544	
0.120239	
0.118713	
0.117188	
0.117188	
0.119019	
0.12146	
0.122986	
0.122681	
0.12085	
0.119019	
0.117493	
0.116577	
0.116882	
0.118103	
0.118713	
0.118103	
0.117188	
0.117493	
0.117188	
0.114746	
0.111694	
0.112	
0.114746	
0.117188	
0.117493	
0.116577	
0.116882	
0.117493	
0.118408	
0.119324	
0.119324	
0.117798	
0.115051	
0.11322	
0.11322	
0.114746	
0.117493	
0.119324	
0.119934	
0.118408	
0.117188	
0.116882	
0.117188	
0.117188	
0.117798	
0.119934	
0.121155	
0.119324	
0.115051	
0.112915	
0.112915	
0.115051	
0.116882	
0.116882	
0.115967	
0.113525	
0.111084	
0.111084	
0.112305	
0.113831	
0.115662	
0.116577	
0.117798	
0.117798	
0.116577	
0.116272	
0.116577	
0.117493	
0.117493	
0.117188	
0.117798	
0.119324	
0.120239	
0.117798	
0.114441	
0.112	
0.11322	
0.115662	
0.115967	
0.114441	
0.112915	
0.11261	
0.11261	
0.112	
0.111389	
0.111694	
0.113525	
0.115662	
0.117798	
0.119629	
0.12085	
0.12146	
0.121765	
0.121765	
0.121765	
0.121765	
0.122375	
0.122986	
0.122375	
0.12085	
0.118713	
0.116882	
0.115662	
0.114746	
0.114441	
0.115356	
0.116272	
0.116882	
0.115662	
0.114441	
0.114136	
0.114746	
0.114746	
0.11322	
0.112305	
0.112305	
0.11261	
0.112915	
0.11261	
0.113525	
0.114136	
0.113831	
0.112915	
0.11261	
0.113831	
0.115967	
0.117188	
0.118103	
0.117798	
0.117188	
0.115356	
0.11261	
0.110779	
0.108948	
0.108032	
0.108337	
0.109253	
0.109863	
0.109253	
0.107422	
0.106812	
0.106201	
0.104675	
0.103149	
0.102539	
0.103149	
0.103149	
0.101013	
0.0976563	
0.0949097	
0.093689	
0.0939941	
0.0939941	
0.0927734	
0.0906372	
0.088501	
0.0881958	
0.0891113	
0.0881958	
0.0860596	
0.0845337	
0.0842285	
0.085144	
0.0860596	
0.0872803	
0.0888062	
0.0891113	
0.0881958	
0.0863647	
0.0842285	
0.0823975	
0.0820923	
0.0827026	
0.0848389	
0.0875854	
0.090332	
0.0918579	
0.0912476	
0.0894165	
0.0881958	
0.0875854	
0.0872803	
0.0860596	
0.0842285	
0.0817871	
0.0799561	
0.0787354	
0.078125	
0.0775146	
0.0765991	
0.0738525	
0.0695801	
0.0665283	
0.0656128	
0.0656128	
0.0646973	
0.0616455	
0.0582886	
0.0561523	
0.0543213	
0.0515747	
0.0476074	
0.0436401	
0.0415039	
0.039978	
0.0378418	
0.0363159	
0.0363159	
0.0369263	
0.0360107	
0.0335693	
0.0302124	
0.0274658	
0.0262451	
0.0265503	
0.0268555	
0.0259399	
0.0238037	
0.0210571	
0.0192261	
0.0183105	
0.017395	
0.015564	
0.0128174	
0.0119019	
0.0106812	
0.0109863	
0.00976563	
0.00762939	
0.00396729	
-0.0012207	
-0.00427246	
-0.00457764	
-0.00335693	
-0.00335693	
-0.00640869	
-0.00946045	
-0.0125122	
-0.0140381	
-0.0158691	
-0.017395	
-0.0183105	
-0.0204468	
-0.0244141	
-0.0280762	
-0.0289917	
-0.0280762	
-0.0280762	
-0.0314331	
-0.0360107	
-0.039978	
-0.0439453	
-0.0482178	
-0.0518799	
-0.0549316	
-0.0570679	
-0.0579834	
-0.0585938	
-0.0598145	
-0.0628662	
-0.0674438	
-0.0714111	
-0.0747681	
-0.0775146	
-0.0741577	
-0.0546265	
-0.017395	
0.0292969	
0.0738525	
0.113831	
0.151978	
0.192871	
0.23407	
0.274048	
0.3125	
0.350952	
0.390625	
0.429688	
0.467529	
0.50415	
0.53894	
0.571594	
0.601196	
0.625	
0.638733	
0.640869	
0.63385	
0.62561	
0.619812	
0.61615	
0.611877	
0.606995	
0.600281	
0.593262	
0.587463	
0.584106	
0.582581	
0.581055	
0.578308	
0.574646	
0.571594	
0.569153	
0.567322	
0.565491	
0.561218	
0.555115	
0.548096	
0.541992	
0.537415	
0.534973	
0.532837	
0.52887	
0.526428	
0.531311	
0.545349	
0.565796	
0.583801	
0.593872	
0.595703	
0.5896	
0.580444	
0.572205	
0.567017	
0.56366	
0.560608	
0.557251	
0.554199	
0.552063	
0.549011	
0.544128	
0.53833	
0.532837	
0.528259	
0.523682	
0.518188	
0.513306	
0.508728	
0.503845	
0.497742	
0.491638	
0.486755	
0.483398	
0.480652	
0.477905	
0.474854	
0.472107	
0.467834	
0.462646	
0.456848	
0.452271	
0.448608	
0.445251	
0.441284	
0.437012	
0.434875	
0.431824	
0.428467	
0.424194	
0.420227	
0.417175	
0.413818	
0.410461	
0.40741	
0.404053	
0.39978	
0.393677	
0.387878	
0.382996	
0.379333	
0.376587	
0.373535	
0.369873	
0.36499	
0.359192	
0.353088	
0.348816	
0.344849	
0.341187	
0.337219	
0.333862	
0.329895	
0.326233	
0.32135	
0.317383	
0.314941	
0.3125	
0.309753	
0.306091	
0.302124	
0.298767	
0.29541	
0.292053	
0.288086	
0.281372	
0.273438	
0.267639	
0.264587	
0.263977	
0.262451	
0.259705	
0.255737	
0.25116	
0.247192	
0.244751	
0.244446	
0.243835	
0.240479	
0.235291	
0.228882	
0.227661	
0.232849	
0.240173	
0.24353	
0.238342	
0.229492	
0.222168	
0.217285	
0.213928	
0.211182	
0.207214	
0.202026	
0.195923	
0.190735	
0.187683	
0.186462	
0.184021	
0.179749	
0.174561	
0.169983	
0.167236	
0.164185	
0.160522	
0.157166	
0.155334	
0.153198	
0.149231	
0.145569	
0.143127	
0.142517	
0.141296	
0.13855	
0.134888	
0.132446	
0.13092	
0.130005	
0.129089	
0.125122	
0.118408	
0.112305	
0.109558	
0.109253	
0.107117	
0.102844	
0.098877	
0.0991821	
0.0994873	
0.0973511	
0.0930786	
0.0891113	
0.0872803	
0.0854492	
0.083313	
0.0811768	
0.0784302	
0.0750732	
0.0723267	
0.0683594	
0.0634766	
0.0576782	
0.0540161	
0.0549316	
0.0570679	
0.0576782	
0.0543213	
0.0497437	
0.0463867	
0.0460815	
0.0463867	
0.0457764	
0.0415039	
0.0366211	
0.0341797	
0.0338745	
0.032959	
0.0323486	
0.0311279	
0.0299072	
0.0274658	
0.0250244	
0.022583	
0.0198364	
0.0198364	
0.0213623	
0.0216675	
0.0192261	
0.0161743	
0.015564	
0.0158691	
0.0146484	
0.0134277	
0.0125122	
0.0146484	
0.0146484	
0.0137329	
0.0112915	
0.00732422	
0.00274658	
-0.00183105	
-0.00366211	
-0.00305176	
-0.000610352	
-0.000305176	
-0.000305176	
-0.00213623	
-0.00518799	
-0.010376	
-0.0146484	
-0.0146484	
-0.0119019	
-0.00823975	
-0.00732422	
-0.00732422	
-0.00671387	
-0.00457764	
-0.00244141	
-0.00183105	
-0.00549316	
-0.00854492	
-0.00976563	
-0.00732422	
-0.00610352	
-0.00793457	
-0.0109863	
-0.0131226	
-0.012207	
-0.0115967	
-0.00946045	
-0.00762939	
-0.00488281	
-0.00335693	
-0.00366211	
-0.00427246	
-0.00366211	
-0.00305176	
-0.00366211	
-0.00305176	
-0.00152588	
0.0012207	
0.00183105	
0.00152588	
0.00213623	
0.00549316	
0.00671387	
0.00488281	
0.000915527	
-0.00183105	
-0.000915527	
0.000915527	
0.000305176	
-0.000305176	
-0.0012207	
-0.000305176	
0.000610352	
0	
-0.000305176	
-0.000305176	
0.00213623	
0.00518799	
0.00701904	
0.00793457	
0.00732422	
0.00762939	
0.00854492	
0.0088501	
0.0088501	
0.00915527	
0.0112915	
0.0112915	
0.0109863	
0.0115967	
0.0134277	
0.0161743	
0.0180054	
0.0180054	
0.0186157	
0.0192261	
0.0192261	
0.0198364	
0.0189209	
0.020752	
0.0253296	
0.0299072	
0.032959	
0.032959	
0.0323486	
0.0317383	
0.0305176	
0.0305176	
0.0323486	
0.0357056	
0.0387573	
0.039978	
0.0402832	
0.0378418	
0.0344849	
0.0335693	
0.0372314	
0.0421143	
0.0439453	
0.0418091	
0.0402832	
0.0411987	
0.0418091	
0.0427246	
0.0430298	
0.0442505	
0.045166	
0.0439453	
0.0424194	
0.0460815	
0.0543213	
0.0628662	
0.0665283	
0.0643921	
0.0616455	
0.0601196	
0.0595093	
0.0595093	
0.0604248	
0.06073	
0.0610352	
0.0604248	
0.0616455	
0.0640869	
0.0671387	
0.0686646	
0.0692749	
0.067749	
0.0662231	
0.0653076	
0.0656128	
0.0656128	
0.0646973	
0.0631714	
0.0613403	
0.0613403	
0.0640869	
0.0665283	
0.0680542	
0.0671387	
0.065918	
0.0646973	
0.0634766	
0.0622559	
0.0619507	
0.062561	
0.0637817	
0.0628662	
0.0613403	
0.0598145	
0.0601196	
0.0610352	
0.0613403	
0.0610352	
0.0613403	
0.0616455	
0.0628662	
0.0634766	
0.0628662	
0.0610352	
0.0592041	
0.0588989	
0.0604248	
0.0628662	
0.065918	
0.0671387	
0.067749	
0.0671387	
0.065918	
0.0665283	
0.067749	
0.0695801	
0.0692749	
0.0680542	
0.0686646	
0.0701904	
0.0714111	
0.071106	
0.0695801	
0.065918	
0.0622559	
0.0592041	
0.0579834	
0.0576782	
0.0570679	
0.0558472	
0.0549316	
0.055542	
0.0564575	
0.0570679	
0.057373	
0.0564575	
0.0540161	
0.0509644	
0.0494385	
0.0497437	
0.0509644	
0.0515747	
0.0531006	
0.0540161	
0.0549316	
0.0549316	
0.0549316	
0.0540161	
0.0527954	
0.0512695	
0.0509644	
0.0524902	
0.0543213	
0.0552368	
0.0537109	
0.050354	
0.0476074	
0.0463867	
0.0469971	
0.0482178	
0.0482178	
0.0473022	
0.0460815	
0.0460815	
0.0454712	
0.0442505	
0.0430298	
0.0418091	
0.0408936	
0.0402832	
0.0411987	
0.0421143	
0.0408936	
0.0372314	
0.0335693	
0.0326538	
0.0326538	
0.0332642	
0.032959	
0.032959	
0.032959	
0.0326538	
0.0320435	
0.0317383	
0.0299072	
0.0283813	
0.0259399	
0.0231934	
0.0210571	
0.0192261	
0.0198364	
0.0222778	
0.0231934	
0.0213623	
0.0177002	
0.0137329	
0.0106812	
0.0088501	
0.0088501	
0.0106812	
0.0109863	
0.0088501	
0.00457764	
0.00305176	
0.0112915	
0.0326538	
0.0665283	
0.104675	
0.140686	
0.175171	
0.209656	
0.241089	
0.262756	
0.271301	
0.269775	
0.265198	
0.262146	
0.260925	
0.260315	
0.258789	
0.256958	
0.256958	
0.258484	
0.259705	
0.258179	
0.254211	
0.249939	
0.245972	
0.243835	
0.242615	
0.241699	
0.240784	
0.239258	
0.237732	
0.236206	
0.23468	
0.232239	
0.229797	
0.227051	
0.224915	
0.222168	
0.219727	
0.21637	
0.213013	
0.209045	
0.205688	
0.204163	
0.204773	
0.204163	
0.202332	
0.19928	
0.198059	
0.198669	
0.197754	
0.196533	
0.193481	
0.19043	
0.187988	
0.186462	
0.184326	
0.180969	
0.177002	
0.174866	
0.17334	
0.170288	
0.167236	
0.1651	
0.165405	
0.16571	
0.16449	
0.160828	
0.15686	
0.153198	
0.149841	
0.14679	
0.144348	
0.143127	
0.141907	
0.137634	
0.13092	
0.125732	
0.123291	
0.12146	
0.117798	
0.113525	
0.110474	
0.108643	
0.107727	
0.106812	
0.105286	
0.103455	
0.0994873	
0.0952148	
0.0918579	
0.0897217	
0.0863647	
0.0820923	
0.0769043	
0.0720215	
0.0683594	
0.0640869	
0.0582886	
0.0588989	
0.0720215	
0.0970459	
0.127258	
0.153809	
0.177917	
0.201416	
0.224304	
0.242004	
0.249939	
0.247192	
0.240479	
0.23407	
0.230103	
0.226746	
0.224304	
0.222778	
0.220642	
0.21698	
0.213318	
0.209961	
0.205078	
0.199585	
0.194702	
0.191345	
0.188293	
0.184631	
0.179443	
0.175476	
0.172729	
0.172119	
0.171814	
0.170593	
0.169067	
0.166626	
0.163574	
0.159912	
0.156555	
0.154114	
0.152588	
0.152588	
0.154114	
0.15564	
0.154724	
0.151062	
0.1474	
0.145874	
0.145264	
0.143433	
0.139771	
0.137329	
0.136719	
0.136108	
0.134277	
0.132141	
0.129395	
0.125732	
0.121765	
0.118103	
0.117188	
0.116882	
0.115356	
0.11261	
0.110168	
0.109863	
0.110168	
0.109558	
0.106201	
0.102234	
0.0991821	
0.0970459	
0.0946045	
0.090332	
0.0863647	
0.0827026	
0.0811768	
0.0808716	
0.0805664	
0.0802612	
0.0775146	
0.0741577	
0.0695801	
0.0656128	
0.062561	
0.06073	
0.0595093	
0.0579834	
0.0549316	
0.0515747	
0.0482178	
0.0457764	
0.043335	
0.0402832	
0.0360107	
0.0317383	
0.0280762	
0.0244141	
0.022583	
0.0305176	
0.0482178	
0.071106	
0.0906372	
0.109253	
0.130005	
0.153809	
0.174866	
0.188904	
0.195923	
0.196228	
0.191956	
0.188293	
0.184937	
0.1828	
0.180054	
0.177002	
0.17395	
0.170288	
0.166626	
0.163879	
0.162048	
0.159302	
0.15625	
0.152893	
0.150146	
0.14801	
0.144653	
0.141296	
0.13855	
0.135803	
0.133362	
0.13092	
0.129089	
0.127563	
0.124512	
0.12085	
0.117493	
0.115662	
0.114746	
0.114136	
0.11261	
0.109863	
0.103455	
0.0958252	
0.0888062	
0.0860596	
0.0857544	
0.0845337	
0.0805664	
0.0762939	
0.0735474	
0.0714111	
0.0689697	
0.0668335	
0.0640869	
0.0592041	
0.0561523	
0.0628662	
0.0827026	
0.110474	
0.134888	
0.152588	
0.164795	
0.171204	
0.169983	
0.16449	
0.158997	
0.15564	
0.153809	
0.150146	
0.146179	
0.142517	
0.140686	
0.138855	
0.135193	
0.13092	
0.126953	
0.123901	
0.121765	
0.119019	
0.116272	
0.114441	
0.112	
0.109863	
0.106812	
0.104675	
0.102539	
0.101013	
0.0991821	
0.0961304	
0.0927734	
0.0881958	
0.0842285	
0.0814819	
0.0802612	
0.0787354	
0.0762939	
0.0723267	
0.0701904	
0.0689697	
0.0695801	
0.0692749	
0.0674438	
0.0646973	
0.0622559	
0.0610352	
0.0598145	
0.0585938	
0.0567627	
0.0549316	
0.0524902	
0.0494385	
0.045166	
0.0408936	
0.0372314	
0.0354004	
0.0354004	
0.0360107	
0.0357056	
0.0341797	
0.0317383	
0.0289917	
0.0259399	
0.0231934	
0.0198364	
0.0161743	
0.0134277	
0.012207	
0.0106812	
0.0088501	
0.00549316	
0.00335693	
0.00244141	
0.00305176	
0.00305176	
0.00213623	
0.000610352	
-0.000305176	
-0.0012207	
-0.00274658	
-0.00427246	
-0.00579834	
-0.00671387	
-0.00732422	
-0.00762939	
-0.00701904	
-0.00701904	
-0.00671387	
-0.00732422	
-0.00915527	
-0.0119019	
-0.0149536	
-0.0161743	
-0.0170898	
-0.0180054	
-0.0195313	
-0.020752	
-0.0213623	
-0.0228882	
-0.0256348	
-0.0286865	
-0.0289917	
-0.027771	
-0.0268555	
-0.0280762	
-0.0311279	
-0.0326538	
-0.032959	
-0.0332642	
-0.03479	
-0.0375366	
-0.039978	
-0.0408936	
-0.0415039	
-0.0436401	
-0.0469971	
-0.0494385	
-0.050354	
-0.0491333	
-0.0488281	
-0.0494385	
-0.0506592	
-0.0509644	
-0.0515747	
-0.0515747	
-0.0512695	
-0.0506592	
-0.0506592	
-0.0515747	
-0.0534058	
-0.0537109	
-0.0531006	
-0.0524902	
-0.0527954	
-0.0531006	
-0.0531006	
-0.0537109	
-0.0549316	
-0.0564575	
-0.0567627	
-0.055542	
-0.0549316	
-0.0552368	
-0.0564575	
-0.0567627	
-0.055542	
-0.0546265	
-0.0549316	
-0.055542	
-0.057373	
-0.0588989	
-0.0592041	
-0.0588989	
-0.0579834	
-0.0570679	
-0.055542	
-0.0527954	
-0.0506592	
-0.0488281	
-0.0476074	
-0.0469971	
-0.0473022	
-0.0494385	
-0.0521851	
-0.0543213	
-0.055542	
-0.0552368	
-0.0543213	
-0.0534058	
-0.0531006	
-0.0537109	
-0.055542	
-0.0564575	
-0.0564575	
-0.0540161	
-0.0506592	
-0.0485229	
-0.0476074	
-0.0469971	
-0.0454712	
-0.0448608	
-0.0448608	
-0.0457764	
-0.0454712	
-0.0445557	
-0.0436401	
-0.043335	
-0.045166	
-0.0479126	
-0.0506592	
-0.0506592	
-0.0479126	
-0.0469971	
-0.0454712	
-0.0405884	
-0.0341797	
-0.0289917	
-0.0299072	
-0.0335693	
-0.03479	
-0.0344849	
-0.0344849	
-0.0357056	
-0.0363159	
-0.0369263	
-0.0369263	
-0.0366211	
-0.0366211	
-0.0363159	
-0.0363159	
-0.0360107	
-0.0360107	
-0.0363159	
-0.0366211	
-0.0360107	
-0.0335693	
-0.0311279	
-0.0299072	
-0.0320435	
-0.0341797	
-0.0341797	
-0.0317383	
-0.0286865	
-0.0280762	
-0.0283813	
-0.0274658	
-0.0265503	
-0.0259399	
-0.0259399	
-0.0271606	
-0.0299072	
-0.032959	
-0.0350952	
-0.0335693	
-0.0308228	
-0.0289917	
-0.0289917	
-0.0302124	
-0.0305176	
-0.0320435	
-0.0332642	
-0.03479	
-0.0354004	
-0.0354004	
-0.0357056	
-0.0360107	
-0.0354004	
-0.0341797	
-0.0341797	
-0.0357056	
-0.0378418	
-0.0390625	
-0.0387573	
-0.0384521	
-0.0375366	
-0.0375366	
-0.038147	
-0.0387573	
-0.0384521	
-0.0363159	
-0.03479	
-0.0332642	
-0.0338745	
-0.0354004	
-0.0354004	
-0.0354004	
-0.0350952	
-0.03479	
-0.0341797	
-0.0326538	
-0.0326538	
-0.0341797	
-0.0357056	
-0.0354004	
-0.0332642	
-0.0314331	
-0.0314331	
-0.0323486	
-0.0332642	
-0.0332642	
-0.0332642	
-0.0335693	
-0.03479	
-0.0354004	
-0.0357056	
-0.0344849	
-0.0332642	
-0.0323486	
-0.0311279	
-0.0311279	
-0.0320435	
-0.0341797	
-0.0357056	
-0.0344849	
-0.0314331	
-0.0289917	
-0.0286865	
-0.0302124	
-0.0314331	
-0.0323486	
-0.0332642	
-0.0338745	
-0.0335693	
-0.0326538	
-0.0317383	
-0.0311279	
-0.0314331	
-0.0305176	
-0.0289917	
-0.0283813	
-0.0289917	
-0.0302124	
-0.0296021	
-0.0268555	
-0.0234985	
-0.0216675	
-0.0219727	
-0.0228882	
-0.0234985	
-0.0241089	
-0.0244141	
-0.0250244	
-0.0250244	
-0.0250244	
-0.0241089	
-0.0231934	
-0.0228882	
-0.0228882	
-0.0238037	
-0.0259399	
-0.0283813	
-0.0296021	
-0.0289917	
-0.0271606	
-0.0253296	
-0.0238037	
-0.022583	
-0.0222778	
-0.0219727	
-0.0222778	
-0.0228882	
-0.0231934	
-0.0228882	
-0.0228882	
-0.0234985	
-0.0231934	
-0.0228882	
-0.0216675	
-0.0210571	
-0.0204468	
-0.0201416	
-0.0204468	
-0.0201416	
-0.0183105	
-0.0152588	
-0.0140381	
-0.0146484	
-0.0149536	
-0.0137329	
-0.0119019	
-0.0109863	
-0.0109863	
-0.0119019	
-0.0125122	
-0.0131226	
-0.0131226	
-0.0134277	
-0.0134277	
-0.0125122	
-0.0109863	
-0.00976563	
-0.00976563	
-0.0112915	
-0.012207	
-0.0115967	
-0.0115967	
-0.0106812	
-0.010376	
-0.0100708	
-0.00915527	
-0.00762939	
-0.00610352	
-0.00549316	
-0.00579834	
-0.00793457	
-0.00793457	
-0.00793457	
-0.00701904	
-0.00671387	
-0.00610352	
-0.00610352	
-0.00640869	
-0.00701904	
-0.00671387	
-0.00549316	
-0.00335693	
-0.000915527	
0.00152588	
0.00427246	
0.00579834	
0.00640869	
0.00610352	
0.00518799	
0.00549316	
0.00549316	
0.00640869	
0.00823975	
0.010376	
0.012207	
0.0128174	
0.0128174	
0.0125122	
0.0131226	
0.0140381	
0.0149536	
0.0158691	
0.017395	
0.0204468	
0.0228882	
0.0234985	
0.0238037	
0.0247192	
0.0283813	
0.0311279	
0.0320435	
0.0311279	
0.0302124	
0.0311279	
0.0265503	
0.0149536	
-0.00396729	
-0.0262451	
-0.0494385	
-0.0753784	
-0.102234	
-0.126343	
-0.145569	
-0.156555	
-0.159607	
-0.158386	
-0.15686	
-0.15686	
-0.156555	
-0.155945	
-0.154419	
-0.153809	
-0.152283	
-0.150452	
-0.149536	
-0.150146	
-0.150452	
-0.148621	
-0.144043	
-0.13855	
-0.134888	
-0.133667	
-0.132446	
-0.130615	
-0.127869	
-0.126343	
-0.124512	
-0.12207	
-0.119324	
-0.118408	
-0.119019	
-0.119019	
-0.118408	
-0.117188	
-0.115967	
-0.115051	
-0.11261	
-0.108643	
-0.10376	
-0.0991821	
-0.0958252	
-0.093689	
-0.0909424	
-0.0881958	
-0.0857544	
-0.0836182	
-0.0827026	
-0.0823975	
-0.0802612	
-0.0769043	
-0.0735474	
-0.0701904	
-0.0665283	
-0.0637817	
-0.0622559	
-0.0610352	
-0.0601196	
-0.0561523	
-0.0509644	
-0.045166	
-0.0408936	
-0.0390625	
-0.038147	
-0.043335	
-0.0543213	
-0.0717163	
-0.090332	
-0.104675	
-0.115051	
-0.120544	
-0.12085	
-0.119019	
-0.115967	
-0.113525	
-0.111389	
-0.110168	
-0.108948	
-0.105896	
-0.101624	
-0.0979614	
-0.09552	
-0.0946045	
-0.0930786	
-0.0909424	
-0.0900269	
-0.088501	
-0.0866699	
-0.0842285	
-0.0805664	
-0.0775146	
-0.0741577	
-0.0701904	
-0.0665283	
-0.0637817	
-0.0616455	
-0.0601196	
-0.057373	
-0.0534058	
-0.0497437	
-0.0463867	
-0.0436401	
-0.0408936	
-0.0372314	
-0.0344849	
-0.0323486	
-0.0308228	
-0.0292969	
-0.0262451	
-0.022583	
-0.0189209	
-0.0158691	
-0.0131226	
-0.0100708	
-0.00671387	
-0.00396729	
-0.00732422	
-0.0213623	
-0.0485229	
-0.0836182	
-0.119934	
-0.156555	
-0.194092	
-0.23407	
-0.274353	
-0.312195	
-0.345459	
-0.372009	
-0.39032	
-0.398865	
-0.39856	
-0.393066	
-0.386963	
-0.38269	
-0.381165	
-0.38147	
-0.380859	
-0.377808	
-0.37262	
-0.368042	
-0.364685	
-0.362854	
-0.361938	
-0.361938	
-0.361938	
-0.361023	
-0.357666	
-0.352478	
-0.34668	
-0.341797	
-0.336914	
-0.332642	
-0.328369	
-0.324097	
-0.321045	
-0.318604	
-0.317383	
-0.314941	
-0.312195	
-0.308533	
-0.305176	
-0.30304	
-0.301819	
-0.299988	
-0.296936	
-0.292358	
-0.288086	
-0.287476	
-0.291443	
-0.298462	
-0.304565	
-0.305176	
-0.301514	
-0.2948	
-0.289001	
-0.285034	
-0.283508	
-0.280762	
-0.275269	
-0.267639	
-0.261536	
-0.259399	
-0.258789	
-0.256653	
-0.251465	
-0.245667	
-0.241089	
-0.236816	
-0.232544	
-0.227661	
-0.223999	
-0.220032	
-0.216064	
-0.212708	
-0.209045	
-0.204773	
-0.19989	
-0.195618	
-0.191345	
-0.186768	
-0.180664	
-0.17395	
-0.168152	
-0.16449	
-0.162354	
-0.159302	
-0.153809	
-0.146484	
-0.139465	
-0.132751	
-0.126648	
-0.121155	
-0.116882	
-0.113831	
-0.111084	
-0.107117	
-0.103149	
-0.100403	
-0.100098	
-0.100708	
-0.101013	
-0.0982666	
-0.093689	
-0.088501	
-0.0836182	
-0.0799561	
-0.0762939	
-0.0723267	
-0.0695801	
-0.0680542	
-0.0671387	
-0.0650024	
-0.0613403	
-0.057373	
-0.0552368	
-0.0546265	
-0.0546265	
-0.0537109	
-0.0524902	
-0.050354	
-0.0479126	
-0.0460815	
-0.0463867	
-0.0473022	
-0.0460815	
-0.0427246	
-0.0387573	
-0.0357056	
-0.03479	
-0.0332642	
-0.0317383	
-0.0299072	
-0.0289917	
-0.0271606	
-0.0244141	
-0.0210571	
-0.0186157	
-0.017395	
-0.0146484	
-0.0119019	
-0.00946045	
-0.00854492	
-0.00823975	
-0.00701904	
-0.00488281	
-0.00244141	
0.00244141	
0.00823975	
0.0131226	
0.0158691	
0.0170898	
0.0195313	
0.0222778	
0.0244141	
0.0265503	
0.0289917	
0.0311279	
0.032959	
0.0357056	
0.0390625	
0.0436401	
0.0469971	
0.0491333	
0.0512695	
0.0540161	
0.0549316	
0.0558472	
0.0570679	
0.0598145	
0.0643921	
0.0671387	
0.0689697	
0.071106	
0.0732422	
0.0769043	
0.0796509	
0.0836182	
0.0866699	
0.0894165	
0.0915527	
0.0924683	
0.093689	
0.0952148	
0.0976563	
0.100403	
0.103149	
0.10498	
0.106812	
0.108337	
0.109863	
0.111084	
0.112915	
0.114746	
0.116882	
0.119019	
0.12085	
0.122986	
0.124207	
0.124207	
0.124512	
0.125427	
0.127869	
0.13031	
0.132446	
0.134277	
0.135498	
0.135803	
0.135498	
0.136414	
0.13855	
0.141602	
0.143127	
0.143433	
0.143127	
0.144653	
0.1474	
0.149841	
0.150757	
0.151062	
0.150757	
0.151062	
0.151367	
0.150452	
0.149231	
0.148621	
0.149231	
0.151062	
0.151672	
0.151978	
0.152283	
0.153809	
0.15625	
0.157166	
0.15686	
0.15625	
0.155945	
0.156555	
0.15686	
0.157776	
0.159302	
0.161438	
0.162354	
0.162964	
0.162964	
0.163269	
0.164185	
0.1651	
0.1651	
0.163879	
0.162964	
0.162659	
0.161743	
0.160522	
0.159607	
0.160522	
0.162048	
0.163574	
0.163574	
0.163879	
0.164795	
0.165405	
0.16449	
0.162354	
0.161133	
0.161743	
0.163879	
0.1651	
0.164795	
0.162659	
0.160217	
0.158386	
0.158386	
0.161133	
0.1651	
0.166931	
0.166016	
0.163269	
0.161438	
0.161438	
0.161438	
0.160828	
0.160828	
0.160217	
0.160217	
0.160522	
0.160522	
0.160217	
0.159302	
0.158997	
0.159912	
0.159912	
0.157776	
0.155029	
0.153198	
0.153503	
0.154724	
0.155334	
0.155334	
0.155029	
0.154419	
0.152893	
0.151062	
0.149231	
0.147705	
0.14801	
0.148621	
0.150146	
0.151062	
0.150452	
0.148926	
0.14679	
0.145569	
0.146484	
0.148315	
0.149841	
0.150146	
0.149841	
0.149536	
0.149231	
0.14801	
0.145874	
0.143433	
0.141602	
0.140686	
0.140381	
0.140381	
0.140686	
0.140991	
0.141907	
0.141602	
0.140076	
0.137329	
0.134277	
0.132446	
0.132141	
0.132141	
0.131836	
0.131226	
0.130615	
0.1297	
0.128174	
0.126343	
0.125122	
0.124817	
0.123596	
0.123291	
0.123596	
0.125427	
0.127258	
0.128784	
0.1297	
0.13092	
0.133362	
0.136414	
0.137939	
0.137329	
0.135498	
0.133667	
0.133057	
0.132446	
0.132141	
0.13092	
0.130005	
0.128479	
0.127258	
0.126038	
0.124512	
0.122986	
0.122986	
0.122681	
0.121765	
0.118713	
0.115051	
0.11322	
0.11322	
0.113525	
0.112305	
0.109863	
0.108337	
0.108032	
0.108337	
0.108032	
0.108337	
0.109253	
0.110168	
0.109863	
0.108337	
0.106506	
0.105286	
0.105286	
0.106812	
0.108643	
0.108948	
0.108032	
0.106812	
0.106201	
0.105896	
0.106201	
0.107422	
0.108948	
0.109558	
0.108643	
0.107727	
0.106812	
0.105591	
0.10376	
0.103149	
0.102844	
0.102844	
0.102844	
0.10376	
0.104065	
0.103149	
0.101013	
0.0991821	
0.0973511	
0.0964355	
0.0961304	
0.0970459	
0.0973511	
0.0964355	
0.09552	
0.0952148	
0.0946045	
0.093689	
0.0918579	
0.0909424	
0.090332	
0.0894165	
0.0894165	
0.0900269	
0.0906372	
0.0906372	
0.0900269	
0.0900269	
0.090332	
0.0900269	
0.0894165	
0.088501	
0.0878906	
0.0863647	
0.0848389	
0.083313	
0.0820923	
0.0817871	
0.0823975	
0.0827026	
0.0814819	
0.0790405	
0.0769043	
0.0769043	
0.0772095	
0.0775146	
0.0790405	
0.0799561	
0.0750732	
0.0622559	
0.0442505	
0.0271606	
0.0125122	
0	
-0.0088501	
-0.0128174	
-0.0119019	
-0.00946045	
-0.00823975	
-0.00915527	
-0.0115967	
-0.0140381	
-0.0152588	
-0.015564	
-0.0146484	
-0.0137329	
-0.0131226	
-0.0134277	
-0.0131226	
-0.0119019	
-0.0106812	
-0.0100708	
-0.0109863	
-0.0112915	
-0.0115967	
-0.0106812	
-0.00854492	
-0.00732422	
-0.00671387	
-0.00701904	
-0.00640869	
-0.00579834	
-0.00488281	
-0.00457764	
-0.00396729	
-0.00335693	
-0.00274658	
-0.00213623	
-0.00183105	
-0.00213623	
-0.00183105	
-0.000305176	
0.00213623	
0.00305176	
0.00305176	
0.00305176	
0.00396729	
0.00640869	
0.00823975	
0.00915527	
0.0100708	
0.0119019	
0.0143433	
0.0158691	
0.0170898	
0.0192261	
0.022583	
0.0253296	
0.0213623	
0.00732422	
-0.0158691	
-0.0415039	
-0.0631714	
-0.0827026	
-0.100708	
-0.116272	
-0.126343	
-0.128479	
-0.125427	
-0.12085	
-0.117798	
-0.117188	
-0.116577	
-0.114441	
-0.112305	
-0.111694	
-0.111084	
-0.110168	
-0.107727	
-0.106201	
-0.10498	
-0.104675	
-0.102844	
-0.0997925	
-0.0970459	
-0.0952148	
-0.0942993	
-0.0946045	
-0.0946045	
-0.0946045	
-0.0933838	
-0.0906372	
-0.0869751	
-0.0830078	
-0.0802612	
-0.0787354	
-0.0772095	
-0.0750732	
-0.0717163	
-0.0680542	
-0.0634766	
-0.0598145	
-0.0561523	
-0.0531006	
-0.0491333	
-0.0442505	
-0.0405884	
-0.0384521	
-0.0363159	
-0.0338745	
-0.0305176	
-0.0253296	
-0.0216675	
-0.0265503	
-0.0415039	
-0.0656128	
-0.0921631	
-0.118408	
-0.143127	
-0.162354	
-0.17334	
-0.176392	
-0.172119	
-0.166626	
-0.161133	
-0.157471	
-0.15564	
-0.154114	
-0.152588	
-0.150452	
-0.1474	
-0.143738	
-0.140076	
-0.136108	
-0.133057	
-0.129089	
-0.124817	
-0.120544	
-0.117493	
-0.115051	
-0.11261	
-0.109253	
-0.106506	
-0.10437	
-0.102539	
-0.0994873	
-0.0961304	
-0.0924683	
-0.0897217	
-0.0863647	
-0.0830078	
-0.0805664	
-0.0787354	
-0.0753784	
-0.071106	
-0.0668335	
-0.0631714	
-0.0598145	
-0.0561523	
-0.0512695	
-0.0463867	
-0.0418091	
-0.0387573	
-0.0427246	
-0.0543213	
-0.0720215	
-0.0888062	
-0.100098	
-0.106201	
-0.108643	
-0.108337	
-0.10437	
-0.0982666	
-0.0921631	
-0.0869751	
-0.0830078	
-0.0784302	
-0.0732422	
-0.0680542	
-0.0628662	
-0.0576782	
-0.0534058	
-0.0494385	
-0.0466919	
-0.0436401	
-0.0408936	
-0.038147	
-0.0360107	
-0.0323486	
-0.0271606	
-0.0222778	
-0.0192261	
-0.0177002	
-0.0158691	
-0.0137329	
-0.00946045	
-0.00396729	
0.00213623	
0.00671387	
0.00976563	
0.0125122	
0.0146484	
0.0164795	
0.0177002	
0.0201416	
0.0241089	
0.027771	
0.0311279	
0.0354004	
0.0411987	
0.0476074	
0.0518799	
0.0537109	
0.0549316	
0.057373	
0.06073	
0.0653076	
0.0701904	
0.0756836	
0.0814819	
0.0860596	
0.0894165	
0.0924683	
0.0973511	
0.103149	
0.108948	
0.11322	
0.116272	
0.119019	
0.122375	
0.124817	
0.129089	
0.130005	
0.124207	
0.110474	
0.0915527	
0.0717163	
0.0515747	
0.0283813	
0.00427246	
-0.0158691	
-0.0296021	
-0.0332642	
-0.0292969	
-0.0213623	
-0.0140381	
-0.00823975	
-0.00457764	
-0.000305176	
0.00335693	
0.00671387	
0.00946045	
0.012207	
0.0152588	
0.0180054	
0.0219727	
0.0259399	
0.0292969	
0.0326538	
0.03479	
0.0369263	
0.0384521	
0.0408936	
0.0448608	
0.0491333	
0.0537109	
0.0570679	
0.0601196	
0.062561	
0.0656128	
0.0701904	
0.0759888	
0.0823975	
0.0888062	
0.0939941	
0.0976563	
0.0997925	
0.101929	
0.105896	
0.110474	
0.114746	
0.117798	
0.120239	
0.123291	
0.127258	
0.13031	
0.133667	
0.137329	
0.13916	
0.132751	
0.118103	
0.0997925	
0.085144	
0.0741577	
0.0640869	
0.0579834	
0.0592041	
0.065918	
0.0726318	
0.0753784	
0.0759888	
0.0772095	
0.0796509	
0.083313	
0.0872803	
0.090332	
0.0918579	
0.093689	
0.0970459	
0.101013	
0.104675	
0.106812	
0.108643	
0.111084	
0.113831	
0.115967	
0.117798	
0.12085	
0.124207	
0.127258	
0.128479	
0.128174	
0.128174	
0.129395	
0.13092	
0.133667	
0.135803	
0.138245	
0.140076	
0.141602	
0.143738	
0.14679	
0.148926	
0.150452	
0.151672	
0.154419	
0.158997	
0.162659	
0.16449	
0.1651	
0.16571	
0.167847	
0.170593	
0.172729	
0.173645	
0.173645	
0.174255	
0.175781	
0.176392	
0.175476	
0.17334	
0.173035	
0.175476	
0.179443	
0.18219	
0.183411	
0.183105	
0.18219	
0.180969	
0.179443	
0.179443	
0.180664	
0.18219	
0.1828	
0.181885	
0.18158	
0.1828	
0.185547	
0.188293	
0.19043	
0.191345	
0.191345	
0.19043	
0.190735	
0.19104	
0.192566	
0.194702	
0.196838	
0.19928	
0.200806	
0.201111	
0.201111	
0.200195	
0.198975	
0.198364	
0.19928	
0.201416	
0.202026	
0.201416	
0.19928	
0.198059	
0.198059	
0.198669	
0.19928	
0.19989	
0.200806	
0.200806	
0.2005	
0.198669	
0.196228	
0.193481	
0.19165	
0.190125	
0.187988	
0.186768	
0.185852	
0.187073	
0.187683	
0.186768	
0.185852	
0.184937	
0.184937	
0.185852	
0.186768	
0.187683	
0.187683	
0.186768	
0.186157	
0.186157	
0.187073	
0.187683	
0.187988	
0.187683	
0.187378	
0.185242	
0.180969	
0.176392	
0.17395	
0.173645	
0.173645	
0.17334	
0.17334	
0.174255	
0.174866	
0.17395	
0.172424	
0.170593	
0.169983	
0.168762	
0.168152	
0.166321	
0.16449	
0.164185	
0.1651	
0.166016	
0.166016	
0.164795	
0.163574	
0.162048	
0.160828	
0.159912	
0.158386	
0.155945	
0.155029	
0.155945	
0.159607	
0.162048	
0.162354	
0.161438	
0.161743	
0.162659	
0.162659	
0.162048	
0.161133	
0.160828	
0.160217	
0.158997	
0.159607	
0.161438	
0.163574	
0.163269	
0.161743	
0.160828	
0.161133	
0.162659	
0.163574	
0.163879	
0.164795	
0.16571	
0.167236	
0.167847	
0.166931	
0.16571	
0.16449	
0.163574	
0.164185	
0.1651	
0.165405	
0.163574	
0.160522	
0.157776	
0.15625	
0.15625	
0.157776	
0.158691	
0.159607	
0.159302	
0.158386	
0.157166	
0.155945	
0.154724	
0.153809	
0.153809	
0.154114	
0.15564	
0.156555	
0.15625	
0.155029	
0.153198	
0.152588	
0.152893	
0.153503	
0.153503	
0.151978	
0.149841	
0.148926	
0.149536	
0.151367	
0.152283	
0.153198	
0.152893	
0.151978	
0.149841	
0.1474	
0.14679	
0.145874	
0.145874	
0.146179	
0.14679	
0.147095	
0.147095	
0.146179	
0.145874	
0.144348	
0.142517	
0.141602	
0.141602	
0.142517	
0.142517	
0.142822	
0.143738	
0.145569	
0.147095	
0.147705	
0.1474	
0.146179	
0.145569	
0.143738	
0.141602	
0.13855	
0.137024	
0.137024	
0.138245	
0.139465	
0.139465	
0.139465	
0.140381	
0.141602	
0.142212	
0.142212	
0.141907	
0.141907	
0.142212	
0.142517	
0.142517	
0.140991	
0.138855	
0.136414	
0.135193	
0.135193	
0.136719	
0.138855	
0.140381	
0.140076	
0.13855	
0.137634	
0.137024	
0.136414	
0.134583	
0.132141	
0.131226	
0.133057	
0.134583	
0.134583	
0.133667	
0.133057	
0.133057	
0.132446	
0.131836	
0.132141	
0.133362	
0.133667	
0.133667	
0.133972	
0.134277	
0.135498	
0.136414	
0.136719	
0.136108	
0.134583	
0.132751	
0.131226	
0.128479	
0.125732	
0.123901	
0.124817	
0.126953	
0.129089	
0.129395	
0.128174	
0.127563	
0.128784	
0.13031	
0.13031	
0.127869	
0.125122	
0.123291	
0.122986	
0.122986	
0.122681	
0.122681	
0.122681	
0.122986	
0.123596	
0.122681	
0.120544	
0.118103	
0.116882	
0.116882	
0.116577	
0.115662	
0.114136	
0.113525	
0.113831	
0.113525	
0.11322	
0.112915	
0.11322	
0.11261	
0.111694	
0.111084	
0.111694	
0.11261	
0.11322	
0.114746	
0.115662	
0.116272	
0.115356	
0.114136	
0.112915	
0.111389	
0.108643	
0.105896	
0.103455	
0.102234	
0.100708	
0.0994873	
0.0985718	
0.0985718	
0.0994873	
0.0997925	
0.0982666	
0.0976563	
0.0976563	
0.0979614	
0.0976563	
0.0967407	
0.0952148	
0.0927734	
0.0900269	
0.0875854	
0.0872803	
0.0881958	
0.0897217	
0.0900269	
0.0878906	
0.0866699	
0.0863647	
0.0875854	
0.0878906	
0.0869751	
0.085144	
0.0845337	
0.0836182	
0.0827026	
0.0811768	
0.0799561	
0.0787354	
0.0769043	
0.0744629	
0.072937	
0.0741577	
0.0750732	
0.0698853	
0.055542	
0.0375366	
0.0253296	
0.0222778	
0.0228882	
0.0219727	
0.0189209	
0.0161743	
0.0149536	
0.0152588	
0.0164795	
0.0167847	
0.0149536	
0.012207	
0.0100708	
0.00915527	
0.00793457	
0.00579834	
0.00335693	
0.00183105	
0.0012207	
0.000610352	
-0.00152588	
-0.00579834	
-0.0100708	
-0.0128174	
-0.0134277	
-0.0119019	
-0.012207	
-0.0140381	
-0.0180054	
-0.0216675	
-0.0234985	
-0.0241089	
-0.0253296	
-0.0268555	
-0.0299072	
-0.0335693	
-0.0369263	
-0.0378418	
-0.03479	
-0.0228882	
-0.00244141	
0.027771	
0.06073	
0.0918579	
0.121155	
0.14801	
0.174255	
0.2005	
0.228577	
0.257263	
0.284729	
0.310364	
0.332336	
0.348206	
0.353394	
0.350952	
0.346069	
0.343628	
0.342712	
0.340271	
0.335693	
0.330811	
0.327454	
0.324402	
0.321655	
0.317993	
0.313416	
0.309448	
0.305176	
0.301819	
0.299072	
0.297546	
0.296936	
0.2948	
0.290833	
0.286255	
0.281982	
0.278625	
0.275879	
0.273438	
0.270081	
0.266113	
0.263367	
0.26123	
0.258789	
0.254822	
0.249939	
0.245056	
0.241394	
0.238342	
0.236206	
0.23407	
0.231018	
0.227661	
0.223694	
0.220032	
0.215759	
0.211182	
0.20752	
0.203247	
0.198669	
0.194092	
0.190735	
0.188293	
0.186157	
0.1828	
0.178528	
0.172729	
0.166321	
0.160217	
0.15564	
0.151367	
0.146484	
0.141602	
0.137939	
0.136108	
0.134888	
0.133667	
0.131226	
0.127869	
0.124512	
0.121155	
0.118408	
0.116272	
0.114441	
0.11261	
0.109863	
0.106506	
0.103455	
0.100403	
0.0967407	
0.0918579	
0.0863647	
0.0808716	
0.0750732	
0.0695801	
0.0637817	
0.0595093	
0.0561523	
0.0527954	
0.0485229	
0.0445557	
0.0415039	
0.0378418	
0.0341797	
0.0311279	
0.0289917	
0.0271606	
0.0228882	
0.017395	
0.0125122	
0.00915527	
0.00671387	
0.00366211	
0.000305176	
-0.00396729	
-0.00762939	
-0.0112915	
-0.0161743	
-0.0216675	
-0.0274658	
-0.0332642	
-0.038147	
-0.0424194	
-0.0457764	
-0.0497437	
-0.0549316	
-0.0604248	
-0.0640869	
-0.0668335	
-0.0698853	
-0.0738525	
-0.0686646	
-0.0497437	
-0.0189209	
0.0149536	
0.0457764	
0.0750732	
0.107117	
0.140991	
0.174255	
0.205688	
0.236206	
0.265198	
0.292053	
0.312195	
0.322876	
0.324707	
0.320129	
0.31311	
0.305786	
0.299072	
0.295105	
0.292358	
0.289612	
0.284729	
0.278931	
0.273743	
0.26947	
0.267639	
0.265808	
0.263367	
0.259399	
0.255737	
0.253296	
0.250244	
0.246277	
0.24231	
0.239563	
0.236206	
0.231628	
0.226135	
0.222473	
0.220032	
0.218201	
0.214844	
0.210571	
0.206299	
0.204163	
0.202026	
0.199585	
0.195007	
0.189514	
0.185852	
0.183105	
0.180664	
0.178223	
0.175781	
0.173035	
0.169067	
0.165405	
0.163269	
0.162048	
0.159607	
0.155945	
0.152588	
0.150146	
0.14801	
0.145264	
0.142517	
0.138855	
0.135803	
0.132751	
0.129395	
0.126343	
0.124207	
0.123901	
0.122681	
0.119934	
0.115967	
0.112	
0.109558	
0.107422	
0.105591	
0.103149	
0.100708	
0.0982666	
0.0961304	
0.0915527	
0.0845337	
0.0747681	
0.0674438	
0.0640869	
0.0643921	
0.0640869	
0.062561	
0.0604248	
0.0579834	
0.055542	
0.0531006	
0.0515747	
0.0497437	
0.0482178	
0.0463867	
0.0454712	
0.045166	
0.0436401	
0.0405884	
0.038147	
0.0366211	
0.0360107	
0.0338745	
0.0311279	
0.0286865	
0.0268555	
0.0256348	
0.0238037	
0.0216675	
0.0186157	
0.0164795	
0.0143433	
0.0128174	
0.0109863	
0.00823975	
0.00518799	
0.00183105	
-0.0012207	
-0.00366211	
-0.00427246	
-0.00305176	
-0.00244141	
-0.00305176	
-0.00579834	
-0.0088501	
-0.010376	
-0.0112915	
-0.0115967	
-0.0119019	
-0.012207	
-0.0125122	
-0.0125122	
-0.0125122	
-0.0140381	
-0.0167847	
-0.0204468	
-0.0234985	
-0.0250244	
-0.0265503	
-0.0292969	
-0.0311279	
-0.032959	
-0.0344849	
-0.0360107	
-0.0372314	
-0.0372314	
-0.0369263	
-0.0375366	
-0.0384521	
-0.0402832	
-0.0408936	
-0.0415039	
-0.0415039	
-0.0418091	
-0.0421143	
-0.0427246	
-0.0427246	
-0.0427246	
-0.0439453	
-0.0463867	
-0.0479126	
-0.0488281	
-0.0506592	
-0.0540161	
-0.0576782	
-0.0585938	
-0.0570679	
-0.055542	
-0.0558472	
-0.0570679	
-0.0588989	
-0.06073	
-0.062561	
-0.0640869	
-0.0650024	
-0.0656128	
-0.0656128	
-0.0653076	
-0.0665283	
-0.067749	
-0.0686646	
-0.0671387	
-0.0656128	
-0.0653076	
-0.0653076	
-0.0656128	
-0.0653076	
-0.0646973	
-0.0650024	
-0.0650024	
-0.0656128	
-0.0665283	
-0.0674438	
-0.0683594	
-0.0689697	
-0.0695801	
-0.0701904	
-0.0708008	
-0.0714111	
-0.071106	
-0.0704956	
-0.071106	
-0.0720215	
-0.0732422	
-0.0723267	
-0.0708008	
-0.0695801	
-0.0683594	
-0.0674438	
-0.0662231	
-0.0650024	
-0.0640869	
-0.0637817	
-0.0643921	
-0.0653076	
-0.0665283	
-0.0668335	
-0.0656128	
-0.0637817	
-0.0637817	
-0.065918	
-0.0686646	
-0.071106	
-0.0720215	
-0.0732422	
-0.0735474	
-0.0714111	
-0.0668335	
-0.062561	
-0.0613403	
-0.0637817	
-0.0665283	
-0.067749	
-0.0674438	
-0.0662231	
-0.0646973	
-0.0634766	
-0.062561	
-0.0622559	
-0.0616455	
-0.0613403	
-0.062561	
-0.0637817	
-0.0631714	
-0.06073	
-0.0588989	
-0.0588989	
-0.06073	
-0.0619507	
-0.0619507	
-0.0616455	
-0.0610352	
-0.06073	
-0.0601196	
-0.0604248	
-0.0601196	
-0.0595093	
-0.0582886	
-0.0570679	
-0.0564575	
-0.0561523	
-0.0552368	
-0.0537109	
-0.0518799	
-0.0512695	
-0.0527954	
-0.0546265	
-0.0558472	
-0.0558472	
-0.0549316	
-0.0537109	
-0.0534058	
-0.0540161	
-0.0549316	
-0.0549316	
-0.0549316	
-0.0543213	
-0.0537109	
-0.0534058	
-0.0537109	
-0.0546265	
-0.0543213	
-0.0521851	
-0.050354	
-0.0497437	
-0.0500488	
-0.0497437	
-0.0485229	
-0.0485229	
-0.0494385	
-0.0494385	
-0.0494385	
-0.0494385	
-0.050354	
-0.0512695	
-0.0527954	
-0.0540161	
-0.055542	
-0.0564575	
-0.0549316	
-0.0531006	
-0.0512695	
-0.0506592	
-0.0509644	
-0.0509644	
-0.0509644	
-0.0506592	
-0.0497437	
-0.0482178	
-0.0476074	
-0.0476074	
-0.0479126	
-0.0473022	
-0.0466919	
-0.0457764	
-0.045166	
-0.045166	
-0.0454712	
-0.0466919	
-0.0469971	
-0.0454712	
-0.0430298	
-0.0411987	
-0.0427246	
-0.0445557	
-0.0463867	
-0.0463867	
-0.0448608	
-0.0436401	
-0.0430298	
-0.0430298	
-0.0430298	
-0.0436401	
-0.0436401	
-0.0427246	
-0.0408936	
-0.0384521	
-0.0357056	
-0.0335693	
-0.0323486	
-0.0326538	
-0.032959	
-0.0323486	
-0.0317383	
-0.0320435	
-0.0338745	
-0.0363159	
-0.0366211	
-0.0354004	
-0.0323486	
-0.0296021	
-0.0283813	
-0.0274658	
-0.0268555	
-0.0259399	
-0.0256348	
-0.0265503	
-0.0271606	
-0.0271606	
-0.0265503	
-0.0262451	
-0.0271606	
-0.0268555	
-0.0256348	
-0.0238037	
-0.0228882	
-0.0238037	
-0.0241089	
-0.0238037	
-0.0231934	
-0.0241089	
-0.0265503	
-0.0274658	
-0.0271606	
-0.0256348	
-0.0250244	
-0.0250244	
-0.0256348	
-0.0253296	
-0.0247192	
-0.0241089	
-0.0228882	
-0.0219727	
-0.0216675	
-0.0210571	
-0.0219727	
-0.0222778	
-0.022583	
-0.0231934	
-0.0228882	
-0.0219727	
-0.0201416	
-0.0192261	
-0.0204468	
-0.022583	
-0.0241089	
-0.0234985	
-0.022583	
-0.0228882	
-0.0241089	
-0.0247192	
-0.0247192	
-0.0250244	
-0.0265503	
-0.0274658	
-0.0265503	
-0.0250244	
-0.0247192	
-0.0253296	
-0.0271606	
-0.0280762	
-0.0289917	
-0.0289917	
-0.0289917	
-0.0289917	
-0.0289917	
-0.0292969	
-0.0302124	
-0.0320435	
-0.0335693	
-0.0341797	
-0.0344849	
-0.0354004	
-0.0360107	
-0.0369263	
-0.0369263	
-0.0369263	
-0.0366211	
-0.0360107	
-0.03479	
-0.0357056	
-0.0372314	
-0.0396729	
-0.0408936	
-0.0405884	
-0.0393677	
-0.0390625	
-0.0393677	
-0.0402832	
-0.0424194	
-0.0445557	
-0.0457764	
-0.0469971	
-0.0473022	
-0.0488281	
-0.0497437	
-0.0494385	
-0.0485229	
-0.0485229	
-0.0497437	
-0.0518799	
-0.0537109	
-0.0552368	
-0.0561523	
-0.057373	
-0.0576782	
-0.0576782	
-0.0582886	
-0.0601196	
-0.0634766	
-0.0680542	
-0.071106	
-0.0723267	
-0.0723267	
-0.0726318	
-0.0741577	
-0.0762939	
-0.078125	
-0.0802612	
