0.0286865,
0.0674438,
0.109863,
0.155945,
0.192871,
0.220947,
0.21637,
0.166321,
0.071106,
-0.0369263,
-0.118713,
-0.145569,
-0.169373,
-0.179749,
-0.189514,
-0.186768,
-0.191345,
-0.179749,
-0.158081,
-0.162659,
-0.164795,
-0.151367,
-0.155029,
-0.157776,
-0.159302,
-0.149841,
-0.1474,
-0.127563,
-0.0897217,
-0.0949097,
-0.085144,
-0.0488281,
-0.0515747,
-0.109863,
-0.169373,
-0.192871,
-0.20813,
-0.204468,
-0.19165,
-0.204773,
-0.20752,
-0.201721,
-0.188293,
-0.192566,
-0.249634,
-0.27771,
-0.0473022,
0.556335,
0.915222,
0.455322,
0.00579834,
-0.0942993,
-0.115356,
-0.127258,
-0.136414,
-0.140076,
-0.133362,
-0.118713,
-0.106506,
-0.0912476,
-0.0769043,
-0.0491333,
-0.0326538,
-0.00488281,
0.0280762,
0.0622559,
0.115051,
0.148315,
0.180359,
0.201721,
0.186768,
0.135803,
0.0372314,
-0.0656128,
-0.126648,
-0.163879,
-0.187073,
-0.19043,
-0.180664,
-0.177002,
-0.18219,
-0.167847,
-0.145874,
-0.151062,
-0.138245,
-0.131226,
-0.125122,
-0.116272,
-0.098877,
-0.104675,
-0.0799561,
-0.0357056,
-0.0323486,
-0.027771,
0.0109863,
0.0125122,
-0.0436401,
-0.100708,
-0.129395,
-0.124207,
-0.117798,
-0.128784,
-0.122375,
-0.12207,
-0.110168,
-0.101929,
-0.103455,
-0.151062,
-0.198059,
0.0228882,
0.61615,
1.04767,
0.641174,
0.14679,
0.0140381,
0.00518799,
-0.00549316,
-0.0393677,
-0.0360107,
-0.0253296,
-0.0192261,
-0.00579834,
0.0112915,
0.0299072,
0.043335,
0.0576782,
0.0967407,
0.113525,
0.137939,
0.193176,
0.227356,
0.244141,
0.267944,
0.279541,
0.194092,
0.0845337,
0.00152588,
-0.0549316,
-0.0982666,
-0.105591,
-0.117188,
-0.102539,
-0.0994873,
-0.102844,
-0.0866699,
-0.0976563,
-0.090332,
-0.0842285,
-0.0894165,
-0.0878906,
-0.072937,
-0.0854492,
-0.0775146,
-0.0604248,
-0.0640869,
-0.0289917,
0.010376,
0.00823975,
0.0256348,
0.0485229,
0.012207,
-0.0524902,
-0.0848389,
-0.0979614,
-0.100403,
-0.0830078,
-0.0787354,
-0.0814819,
-0.0775146,
-0.0695801,
-0.0668335,
-0.0897217,
-0.164185,
-0.0985718,
0.332031,
0.950317,
0.899048,
0.351563,
0.0680542,
0.0183105,
0.000610352,
-0.0186157,
-0.0268555,
-0.0332642,
-0.0253296,
-0.00793457,
-0.00183105,
0.00915527,
0.0250244,
0.0445557,
0.0601196,
0.0918579,
0.127563,
0.162964,
0.205688,
0.245972,
0.26886,
0.279236,
0.240479,
0.158997,
0.0546265,
-0.0308228,
-0.0775146,
-0.105286,
-0.12146,
-0.126648,
-0.116577,
-0.118713,
-0.118408,
-0.115967,
-0.110474,
-0.101013,
-0.0976563,
-0.0997925,
-0.0991821,
-0.0973511,
-0.0997925,
-0.0985718,
-0.0939941,
-0.0976563,
-0.0717163,
-0.0302124,
-0.0369263,
-0.0231934,
0.000915527,
-0.0195313,
-0.0848389,
-0.134277,
-0.14801,
-0.149231,
-0.152893,
-0.154724,
-0.154724,
-0.149536,
-0.144043,
-0.149231,
-0.160217,
-0.22522,
-0.214539,
0.0997925,
0.735779,
0.909729,
0.401001,
0.0271606,
-0.0598145,
-0.0665283,
-0.0964355,
-0.112305,
-0.108032,
-0.101929,
-0.09552,
-0.085144,
-0.0720215,
-0.0564575,
-0.03479,
-0.0119019,
0.0131226,
0.0463867,
0.0857544,
0.130615,
0.168152,
0.201111,
0.209656,
0.183105,
0.108948,
0.00640869,
-0.0790405,
-0.138245,
-0.162659,
-0.172424,
-0.179443,
-0.180664,
-0.181274,
-0.177917,
-0.168762,
-0.164795,
-0.154419,
-0.151978,
-0.151672,
-0.141907,
-0.145264,
-0.149536,
-0.13855,
-0.140381,
-0.146179,
-0.144348,
-0.133972,
-0.0958252,
-0.078125,
-0.0775146,
-0.0527954,
-0.043335,
-0.0830078,
-0.150757,
-0.176392,
-0.187073,
-0.188599,
-0.193481,
-0.194397,
-0.192261,
-0.19104,
-0.195618,
-0.186768,
-0.210266,
-0.28717,
-0.183105,
0.302124,
0.871277,
0.689087,
0.156555,
-0.0680542,
-0.0912476,
-0.105591,
-0.128479,
-0.133057,
-0.131836,
-0.124512,
-0.107727,
-0.0909424,
-0.0762939,
-0.0546265,
-0.0366211,
-0.00915527,
0.0247192,
0.0592041,
0.105286,
0.155334,
0.189514,
0.222168,
0.227356,
0.187988,
0.0976563,
-0.00305176,
-0.0720215,
-0.114746,
-0.130615,
-0.137634,
-0.135498,
-0.135193,
-0.129089,
-0.116882,
-0.101929,
-0.0921631,
-0.0863647,
-0.0762939,
-0.0579834,
-0.0552368,
-0.0494385,
-0.0384521,
-0.0384521,
-0.0335693,
-0.022583,
-0.0161743,
-0.00427246,
0.0326538,
0.0756836,
0.0784302,
0.105286,
0.145569,
0.138855,
0.0778198,
0.0259399,
0.0296021,
0.0390625,
0.039978,
0.0473022,
0.0592041,
0.0601196,
0.0671387,
0.0756836,
0.0772095,
0.0213623,
0.0286865,
0.331726,
0.966187,
1.16882,
0.678406,
0.319824,
0.236816,
0.226135,
0.203552,
0.195618,
0.209045,
0.221863,
0.238953,
0.254822,
0.270691,
0.289307,
0.312195,
0.346985,
0.375977,
0.413208,
0.458679,
0.505981,
0.555115,
0.596008,
0.612793,
0.59967,
0.53009,
0.426025,
0.333252,
0.279541,
0.253296,
0.231628,
0.236206,
0.241394,
0.235291,
0.239868,
0.248108,
0.254211,
0.262756,
0.270691,
0.273438,
0.27832,
0.283813,
0.283203,
0.279846,
0.280151,
0.27771,
0.274658,
0.272217,
0.269165,
0.2771,
0.306091,
0.340271,
0.332642,
0.343018,
0.371704,
0.353699,
0.279846,
0.231934,
0.216675,
0.198669,
0.196228,
0.197449,
0.191956,
0.188904,
0.19043,
0.195923,
0.179749,
0.0991821,
0.101013,
0.406494,
1.03088,
1.21368,
0.716248,
0.347595,
0.256042,
0.230713,
0.193787,
0.171509,
0.169067,
0.172424,
0.17334,
0.179443,
0.188599,
0.19928,
0.213318,
0.231323,
0.253601,
0.2771,
0.307007,
0.355225,
0.396729,
0.41626,
0.42572,
0.405273,
0.330505,
0.220947,
0.124207,
0.0656128,
0.0262451,
0.00335693,
-0.000915527,
-0.0106812,
-0.0234985,
-0.0195313,
-0.0189209,
-0.0222778,
-0.0210571,
-0.0219727,
-0.0238037,
-0.0247192,
-0.0195313,
-0.0338745,
-0.0396729,
-0.0372314,
-0.0488281,
-0.0570679,
-0.055542,
-0.0576782,
-0.0473022,
-0.0170898,
0.000610352,
-0.00396729,
0.0189209,
0.0268555,
-0.0112915,
-0.0830078,
-0.114441,
-0.126648,
-0.136414,
-0.141602,
-0.146484,
-0.149231,
-0.145264,
-0.148926,
-0.151978,
-0.184021,
-0.255737,
-0.181274,
0.255737,
0.846558,
0.734558,
0.212402,
-0.039978,
-0.0888062,
-0.11261,
-0.143127,
-0.15686,
-0.160217,
-0.149536,
-0.140381,
-0.137024,
-0.124207,
-0.110168,
-0.0976563,
-0.0836182,
-0.0570679,
-0.0247192,
0.0180054,
0.0613403,
0.0933838,
0.116882,
0.129089,
0.0854492,
-0.0115967,
-0.119324,
-0.198669,
-0.247498,
-0.276489,
-0.28595,
-0.289917,
-0.292053,
-0.296631,
-0.298462,
-0.28595,
-0.278931,
-0.281677,
-0.276489,
-0.26825,
-0.271606,
-0.276489,
-0.272522,
-0.258789,
-0.267944,
-0.278015,
-0.276489,
-0.274658,
-0.267944,
-0.230713,
-0.202332,
-0.195313,
-0.161743,
-0.14801,
-0.186462,
-0.259705,
-0.293274,
-0.305786,
-0.308838,
-0.302429,
-0.294495,
-0.298462,
-0.298157,
-0.297852,
-0.291138,
-0.314331,
-0.386658,
-0.303345,
0.155029,
0.733643,
0.608521,
0.0860596,
-0.160217,
-0.207825,
-0.223083,
-0.239563,
-0.246277,
-0.247192,
-0.233154,
-0.221252,
-0.214844,
-0.19989,
-0.177917,
-0.148621,
-0.128479,
-0.101624,
-0.0619507,
-0.0128174,
0.0283813,
0.0616455,
0.0942993,
0.106506,
0.065918,
-0.0259399,
-0.141602,
-0.215454,
-0.258179,
-0.281067,
-0.2948,
-0.301208,
-0.293274,
-0.283203,
-0.285034,
-0.281982,
-0.270691,
-0.276184,
-0.266113,
-0.253906,
-0.253296,
-0.248108,
-0.237732,
-0.245972,
-0.24292,
-0.240784,
-0.238037,
-0.23407,
-0.201721,
-0.171814,
-0.166626,
-0.146179,
-0.118408,
-0.142517,
-0.216064,
-0.255737,
-0.258179,
-0.267029,
-0.264893,
-0.254211,
-0.256653,
-0.264587,
-0.26001,
-0.250854,
-0.271301,
-0.335083,
-0.264282,
0.149536,
0.751343,
0.689697,
0.126343,
-0.12146,
-0.162354,
-0.177612,
-0.197754,
-0.202026,
-0.192871,
-0.188293,
-0.176392,
-0.161743,
-0.13855,
-0.121765,
-0.106201,
-0.085144,
-0.0466919,
-0.010376,
0.0360107,
0.0894165,
0.125427,
0.149841,
0.159912,
0.13031,
0.0338745,
-0.0714111,
-0.152588,
-0.203247,
-0.233154,
-0.23468,
-0.241699,
-0.250244,
-0.242615,
-0.233154,
-0.226135,
-0.223083,
-0.207825,
-0.201721,
-0.199585,
-0.197754,
-0.193176,
-0.189819,
-0.196228,
-0.189514,
-0.183716,
-0.162354,
-0.125122,
-0.109558,
-0.0942993,
-0.0634766,
-0.0616455,
-0.106201,
-0.171509,
-0.190735,
-0.192871,
-0.20752,
-0.200195,
-0.191956,
-0.196228,
-0.196838,
-0.184937,
-0.17395,
-0.20813,
-0.263977,
-0.101929,
0.427856,
0.915222,
0.581055,
0.0665283,
-0.078125,
-0.107117,
-0.101318,
-0.119324,
-0.128784,
-0.109558,
-0.0991821,
-0.0888062,
-0.0775146,
-0.0628662,
-0.0402832,
-0.0152588,
0.00915527,
0.0366211,
0.0869751,
0.137329,
0.1651,
0.203857,
0.234375,
0.222473,
0.164185,
0.0628662,
-0.0338745,
-0.101624,
-0.151672,
-0.171509,
-0.173035,
-0.177612,
-0.176697,
-0.171204,
-0.168457,
-0.155945,
-0.150146,
-0.153503,
-0.143433,
-0.142517,
-0.142517,
-0.133667,
-0.132446,
-0.132141,
-0.132446,
-0.132446,
-0.13092,
-0.133972,
-0.12085,
-0.0842285,
-0.0570679,
-0.0585938,
-0.0341797,
-0.00701904,
-0.0442505,
-0.11261,
-0.148926,
-0.160828,
-0.166626,
-0.162048,
-0.158081,
-0.155945,
-0.152588,
-0.151062,
-0.151367,
-0.171204,
-0.240479,
-0.164185,
0.291138,
0.893555,
0.778503,
0.222473,
-0.0158691,
-0.0540161,
-0.0698853,
-0.0942993,
-0.0994873,
-0.0994873,
-0.0918579,
-0.0756836,
-0.0616455,
-0.0463867,
-0.0268555,
-0.0149536,
0.0119019,
0.0500488,
0.0872803,
0.130005,
0.177612,
0.214233,
0.241394,
0.247192,
0.202637,
0.11322,
0.00274658,
-0.0720215,
-0.123291,
-0.145569,
-0.15686,
-0.160522,
-0.158386,
-0.15625,
-0.149841,
-0.14679,
-0.136414,
-0.128174,
-0.126343,
-0.119324,
-0.118713,
-0.114136,
-0.109558,
-0.112,
-0.112,
-0.111084,
-0.112305,
-0.115967,
-0.12146,
-0.125427,
-0.127563,
-0.123901,
-0.117493,
-0.0756836,
-0.0369263,
-0.0375366,
-0.0283813,
-0.0125122,
-0.0271606,
-0.10437,
-0.142212,
-0.148926,
-0.158081,
-0.157166,
-0.160217,
-0.159302,
-0.162048,
-0.160217,
-0.156555,
-0.179138,
-0.244141,
-0.201111,
0.160828,
0.801697,
0.888367,
0.343323,
0.0012207,
-0.0634766,
-0.0793457,
-0.112915,
-0.125427,
-0.117798,
-0.107117,
-0.103455,
-0.0949097,
-0.0796509,
-0.0637817,
-0.0460815,
-0.0244141,
0.00427246,
0.0442505,
0.0875854,
0.133972,
0.176086,
0.204773,
0.224304,
0.196228,
0.11261,
0.0158691,
-0.0756836,
-0.132751,
-0.158997,
-0.174866,
-0.174866,
-0.17334,
-0.171204,
-0.169067,
-0.160522,
-0.15686,
-0.151672,
-0.151062,
-0.148621,
-0.140381,
-0.140076,
-0.132751,
-0.125732,
-0.130615,
-0.140076,
-0.133972,
-0.132751,
-0.145264,
-0.142822,
-0.139465,
-0.148621,
-0.148926,
-0.145874,
-0.129395,
-0.0827026,
-0.0588989,
-0.0543213,
-0.0360107,
-0.0311279,
-0.0640869,
-0.133362,
-0.160828,
-0.168152,
-0.176697,
-0.174255,
-0.170593,
-0.170288,
-0.166626,
-0.166321,
-0.167847,
-0.195313,
-0.260925,
-0.177612,
0.261841,
0.870056,
0.796814,
0.262756,
-0.0112915,
-0.0646973,
-0.0891113,
-0.117493,
-0.125427,
-0.123596,
-0.118408,
-0.109558,
-0.0946045,
-0.0790405,
-0.0619507,
-0.0393677,
-0.0228882,
0.00518799,
0.0488281,
0.0918579,
0.138855,
0.185852,
0.21637,
0.232544,
0.204468,
0.112305,
-0.000610352,
-0.0787354,
-0.127563,
-0.15686,
-0.167542,
-0.164185,
-0.160522,
-0.158386,
-0.157776,
-0.154114,
-0.143433,
-0.140381,
-0.132751,
-0.119324,
-0.110474,
-0.10498,
-0.103149,
-0.0970459,
-0.0927734,
-0.0891113,
-0.078125,
-0.0820923,
-0.0854492,
-0.0857544,
-0.0802612,
-0.0793457,
-0.0769043,
-0.0668335,
-0.0582886,
-0.0296021,
0.022583,
0.039978,
0.0387573,
0.0640869,
0.0631714,
0.0167847,
-0.0363159,
-0.0494385,
-0.0537109,
-0.0543213,
-0.050354,
-0.0576782,
-0.0588989,
-0.0430298,
-0.0390625,
-0.0393677,
-0.0793457,
-0.129089,
0.045166,
0.604248,
1.08337,
0.775146,
0.287781,
0.108948,
0.0808716,
0.0473022,
0.0320435,
0.0350952,
0.0332642,
0.0460815,
0.0650024,
0.0732422,
0.0860596,
0.105591,
0.124817,
0.151062,
0.187683,
0.231628,
0.271606,
0.32074,
0.367432,
0.395813,
0.39917,
0.3479,
0.25116,
0.149841,
0.0793457,
0.0314331,
0.00762939,
0.00671387,
-0.00213623,
0.0012207,
0.00640869,
0.00976563,
0.0131226,
0.0167847,
0.0302124,
0.038147,
0.0396729,
0.043335,
0.0537109,
0.0585938,
0.057373,
0.0558472,
0.0570679,
0.0610352,
0.0531006,
0.0466919,
0.0506592,
0.0485229,
0.0485229,
0.0769043,
0.114136,
0.125732,
0.134888,
0.151367,
0.150757,
0.0805664,
0.0231934,
0.00427246,
-0.000610352,
-0.00427246,
-0.0106812,
-0.017395,
-0.0137329,
-0.00915527,
-0.0143433,
-0.020752,
-0.0830078,
-0.117188,
0.111389,
0.704651,
1.05743,
0.642395,
0.206299,
0.0759888,
0.0491333,
0.0201416,
-0.000915527,
-0.010376,
-0.00427246,
0.00762939,
0.0137329,
0.0259399,
0.0350952,
0.0515747,
0.0680542,
0.0857544,
0.12146,
0.162354,
0.203857,
0.244751,
0.283203,
0.306702,
0.297852,
0.22644,
0.118713,
0.0189209,
-0.057373,
-0.0961304,
-0.115051,
-0.126648,
-0.129089,
-0.128784,
-0.129395,
-0.128479,
-0.126038,
-0.129395,
-0.124512,
-0.116577,
-0.115967,
-0.115662,
-0.109558,
-0.11322,
-0.11261,
-0.113525,
-0.115662,
-0.123291,
-0.128784,
-0.131836,
-0.133667,
-0.135803,
-0.138245,
-0.129395,
-0.105591,
-0.0622559,
-0.0482178,
-0.0509644,
-0.0280762,
-0.0253296,
-0.0985718,
-0.153198,
-0.166931,
-0.177002,
-0.185852,
-0.187988,
-0.178833,
-0.184631,
-0.189819,
-0.190125,
-0.191345,
-0.251465,
-0.288696,
-0.0686646,
0.524902,
0.894165,
0.487061,
0.0476074,
-0.0866699,
-0.110474,
-0.147705,
-0.164795,
-0.159302,
-0.161743,
-0.160522,
-0.144958,
-0.127869,
-0.117493,
-0.103455,
-0.0790405,
-0.0588989,
-0.0289917,
0.0112915,
0.0592041,
0.0970459,
0.127563,
0.154419,
0.151672,
0.0991821,
-0.0088501,
-0.109558,
-0.175476,
-0.222473,
-0.243225,
-0.247192,
-0.249329,
-0.249939,
-0.244141,
-0.244141,
-0.24231,
-0.231323,
-0.219421,
-0.215759,
-0.213013,
-0.206299,
-0.200806,
-0.204163,
-0.200806,
-0.201416,
-0.205688,
-0.203247,
-0.210266,
-0.213318,
-0.205688,
-0.202026,
-0.197449,
-0.168762,
-0.12085,
-0.112915,
-0.107727,
-0.0778198,
-0.0912476,
-0.165405,
-0.210571,
-0.223389,
-0.225525,
-0.228271,
-0.230408,
-0.232544,
-0.230713,
-0.224304,
-0.224609,
-0.233154,
-0.304565,
-0.299988,
0.00183105,
0.627441,
0.823975,
0.322876,
-0.0430298,
-0.122375,
-0.138855,
-0.166931,
-0.194702,
-0.195923,
-0.177307,
-0.169983,
-0.170593,
-0.153503,
-0.142517,
-0.124512,
-0.100708,
-0.0784302,
-0.0402832,
0.000915527,
0.0387573,
0.0866699,
0.12085,
0.145264,
0.132141,
0.0704956,
-0.0354004,
-0.133972,
-0.193787,
-0.233154,
-0.247192,
-0.252075,
-0.256348,
-0.249634,
-0.244751,
-0.239563,
-0.232239,
-0.222778,
-0.212402,
-0.206909,
-0.20874,
-0.194397,
-0.189819,
-0.192871,
-0.188904,
-0.185547,
-0.186157,
-0.189209,
-0.187988,
-0.179749,
-0.164185,
-0.129395,
-0.108032,
-0.0949097,
-0.0692749,
-0.0570679,
-0.0924683,
-0.163574,
-0.19165,
-0.195007,
-0.2005,
-0.198669,
-0.192871,
-0.198364,
-0.19043,
-0.181885,
-0.185242,
-0.212402,
-0.269775,
-0.161743,
0.325012,
0.866699,
0.674438,
0.175476,
-0.0411987,
-0.0750732,
-0.0915527,
-0.108948,
-0.119324,
-0.12085,
-0.10376,
-0.0909424,
-0.0830078,
-0.0674438,
-0.0549316,
-0.0350952,
-0.00732422,
0.0131226,
0.0512695,
0.101318,
0.143433,
0.185242,
0.213318,
0.223694,
0.187988,
0.0863647,
-0.0146484,
-0.0891113,
-0.142517,
-0.16571,
-0.172119,
-0.177917,
-0.176086,
-0.170593,
-0.166321,
-0.156555,
-0.154114,
-0.147095,
-0.140686,
-0.133362,
-0.126343,
-0.124817,
-0.12085,
-0.120239,
-0.116882,
-0.119019,
-0.12207,
-0.120239,
-0.0961304,
-0.0500488,
-0.0411987,
-0.0366211,
0.00427246,
0.0131226,
-0.0424194,
-0.103149,
-0.119324,
-0.128479,
-0.133362,
-0.132446,
-0.125732,
-0.127869,
-0.126038,
-0.123291,
-0.115967,
-0.15564,
-0.209351,
-0.0509644,
0.484314,
0.949402,
0.64209,
0.16571,
0.00640869,
-0.0137329,
-0.0360107,
-0.06073,
-0.0595093,
-0.0527954,
-0.0466919,
-0.0299072,
-0.0158691,
-0.00335693,
0.0125122,
0.0317383,
0.057373,
0.0891113,
0.127258,
0.167847,
0.215454,
0.25177,
0.275269,
0.276184,
0.231323,
0.138855,
0.0317383,
-0.0473022,
-0.0906372,
-0.106201,
-0.115356,
-0.119019,
-0.111694,
-0.109253,
-0.102844,
-0.102234,
-0.0979614,
-0.0927734,
-0.0918579,
-0.085144,
-0.0762939,
-0.0778198,
-0.0741577,
-0.0772095,
-0.0723267,
-0.0701904,
-0.0674438,
-0.0357056,
-0.00610352,
-0.00762939,
0.0119019,
0.0375366,
0.0106812,
-0.0610352,
-0.100403,
-0.109558,
-0.117798,
-0.112915,
-0.118408,
-0.119019,
-0.111694,
-0.114136,
-0.112915,
-0.127869,
-0.193787,
-0.149536,
0.249023,
0.865784,
0.852661,
0.323792,
0.0299072,
-0.0250244,
-0.0372314,
-0.0646973,
-0.0750732,
-0.0698853,
-0.0665283,
-0.0515747,
-0.0375366,
-0.0256348,
-0.0140381,
0.00305176,
0.0262451,
0.0527954,
0.0915527,
0.135803,
0.176697,
0.215759,
0.245667,
0.259094,
0.220642,
0.140686,
0.032959,
-0.0549316,
-0.106812,
-0.131531,
-0.142212,
-0.148621,
-0.146179,
-0.139465,
-0.136719,
-0.133667,
-0.128479,
-0.120544,
-0.113831,
-0.113831,
-0.112915,
-0.105896,
-0.10376,
-0.0997925,
-0.102539,
-0.100098,
-0.0970459,
-0.0973511,
-0.0814819,
-0.0408936,
-0.032959,
-0.0219727,
0.00671387,
0.00427246,
-0.0479126,
-0.108337,
-0.13092,
-0.139465,
-0.137329,
-0.137024,
-0.137329,
-0.141296,
-0.131836,
-0.133972,
-0.145264,
-0.201111,
-0.217285,
0.0238037,
0.621033,
0.92041,
0.482788,
0.0723267,
-0.0402832,
-0.0488281,
-0.0686646,
-0.0927734,
-0.100708,
-0.0894165,
-0.0756836,
-0.062561,
-0.0552368,
-0.0372314,
-0.0228882,
-0.000610352,
0.0228882,
0.0524902,
0.0973511,
0.140076,
0.179443,
0.221863,
0.248413,
0.237427,
0.161133,
0.0534058,
-0.0408936,
-0.108337,
-0.144653,
-0.163879,
-0.166321,
-0.16449,
-0.167236,
-0.162354,
-0.15564,
-0.151672,
-0.144653,
-0.140381,
-0.136108,
-0.126953,
-0.127258,
-0.130005,
-0.126953,
-0.119019,
-0.104065,
-0.0765991,
-0.0564575,
-0.0531006,
-0.0311279,
-0.00732422,
-0.0518799,
-0.116577,
-0.141602,
-0.158081,
-0.166626,
-0.172729,
-0.17395,
-0.1651,
-0.166626,
-0.166931,
-0.162048,
-0.193481,
-0.25238,
-0.123901,
0.371399,
0.933228,
0.711365,
0.159912,
-0.0378418,
-0.0811768,
-0.0869751,
-0.0946045,
-0.112,
-0.108948,
-0.0906372,
-0.0720215,
-0.0579834,
-0.0439453,
-0.0247192,
-0.015564,
0.00671387,
0.0439453,
0.078125,
0.127258,
0.173035,
0.211182,
0.238953,
0.237732,
0.185852,
0.0924683,
-0.00610352,
-0.0836182,
-0.127869,
-0.150146,
-0.161133,
-0.164795,
-0.161743,
-0.162048,
-0.162964,
-0.157166,
-0.150757,
-0.140076,
-0.137329,
-0.131836,
-0.128479,
-0.126038,
-0.11261,
-0.116577,
-0.0888062,
-0.0570679,
-0.0592041,
-0.0460815,
-0.0143433,
-0.0231934,
-0.0787354,
-0.133972,
-0.157471,
-0.158691,
-0.158997,
-0.162659,
-0.158997,
-0.158386,
-0.155945,
-0.14801,
-0.158997,
-0.224304,
-0.19928,
0.124512,
0.744019,
0.935364,
0.379028,
0.0137329,
-0.0601196,
-0.0842285,
-0.0897217,
-0.0933838,
-0.0958252,
-0.090332,
-0.0778198,
-0.0588989,
-0.0424194,
-0.0305176,
-0.00701904,
0.0158691,
0.0445557,
0.0881958,
0.123291,
0.164795,
0.209656,
0.234985,
0.249634,
0.229492,
0.148621,
0.0466919,
-0.038147,
-0.0964355,
-0.135498,
-0.149841,
-0.153809,
-0.151672,
-0.141907,
-0.143127,
-0.132446,
-0.127563,
-0.123901,
-0.114136,
-0.115967,
-0.109558,
-0.100098,
-0.100403,
-0.0900269,
-0.088501,
-0.0857544,
-0.0543213,
-0.0244141,
-0.0216675,
-0.0146484,
0.0180054,
0.0128174,
-0.0537109,
-0.107117,
-0.126953,
-0.122986,
-0.120239,
-0.121765,
-0.125732,
-0.121155,
-0.112915,
-0.117798,
-0.124512,
-0.183411,
-0.166016,
0.166016,
0.808411,
0.955505,
0.391235,
0.0488281,
-0.0283813,
-0.0442505,
-0.0531006,
-0.0692749,
-0.0714111,
-0.0613403,
-0.0482178,
-0.0354004,
-0.0241089,
-0.00854492,
0.0106812,
0.0332642,
0.0582886,
0.0918579,
0.142212,
0.186462,
0.227356,
0.254211,
0.260925,
0.232544,
0.152893,
0.0454712,
-0.0442505,
-0.103455,
-0.137024,
-0.152893,
-0.151367,
-0.147705,
-0.142212,
-0.137939,
-0.131226,
-0.126953,
-0.117188,
-0.113831,
-0.11322,
-0.100098,
-0.0875854,
-0.088501,
-0.0872803,
-0.088501,
-0.0817871,
-0.0723267,
-0.0778198,
-0.0857544,
-0.0863647,
-0.0762939,
-0.038147,
-0.0161743,
-0.00946045,
0.0180054,
0.0375366,
0.00457764,
-0.0637817,
-0.100708,
-0.111389,
-0.112915,
-0.109863,
-0.109863,
-0.111389,
-0.111694,
-0.10498,
-0.108032,
-0.134583,
-0.202637,
-0.132141,
0.289612,
0.917664,
0.881348,
0.318298,
0.0366211,
-0.0219727,
-0.0360107,
-0.0567627,
-0.0674438,
-0.0643921,
-0.0616455,
-0.0534058,
-0.0338745,
-0.0195313,
-0.00701904,
0.0143433,
0.0341797,
0.0674438,
0.0958252,
0.142822,
0.192566,
0.226135,
0.253601,
0.270996,
0.238037,
0.145569,
0.0357056,
-0.050354,
-0.101318,
-0.123596,
-0.135193,
-0.137329,
-0.140076,
-0.137634,
-0.125427,
-0.127258,
-0.122375,
-0.115051,
-0.107422,
-0.105896,
-0.100098,
-0.0897217,
-0.0891113,
-0.0924683,
-0.0872803,
-0.0830078,
-0.0906372,
-0.090332,
-0.0878906,
-0.0863647,
-0.0933838,
-0.0982666,
-0.0909424,
-0.0814819,
-0.0543213,
-0.0131226,
-0.00946045,
-0.00213623,
0.022583,
0.0112915,
-0.0567627,
-0.100708,
-0.111084,
-0.120544,
-0.119019,
-0.122986,
-0.122375,
-0.121765,
-0.122375,
-0.123291,
-0.12207,
-0.183716,
-0.201721,
0.0524902,
0.672302,
1.01074,
0.560303,
0.108948,
-0.0128174,
-0.0265503,
-0.0588989,
-0.0723267,
-0.0790405,
-0.0747681,
-0.0665283,
-0.0576782,
-0.0463867,
-0.0335693,
-0.0146484,
0.00701904,
0.0354004,
0.0656128,
0.108032,
0.152588,
0.196228,
0.237732,
0.263672,
0.254517,
0.186157,
0.0753784,
-0.0228882,
-0.0863647,
-0.13031,
-0.148926,
-0.154419,
-0.155945,
-0.156555,
-0.153198,
-0.151672,
-0.142212,
-0.136719,
-0.134888,
-0.131226,
-0.128784,
-0.12146,
-0.118408,
-0.118408,
-0.115662,
-0.107117,
-0.105286,
-0.108948,
-0.110474,
-0.11322,
-0.117188,
-0.118103,
-0.122375,
-0.118408,
-0.113525,
-0.116272,
-0.108948,
-0.0939941,
-0.0485229,
-0.0112915,
-0.0241089,
-0.00854492,
0.0109863,
-0.012207,
-0.078125,
-0.112915,
-0.120239,
-0.118408,
-0.111389,
-0.118408,
-0.119934,
-0.111694,
-0.107727,
-0.105896,
-0.12146,
-0.188293,
-0.16449,
0.171509,
0.823059,
0.967712,
0.4422,
0.0790405,
-0.00701904,
-0.027771,
-0.0656128,
-0.0723267,
-0.0726318,
-0.0695801,
-0.0549316,
-0.0445557,
-0.0332642,
-0.0216675,
-0.0012207,
0.0238037,
0.0454712,
0.0802612,
0.125427,
0.168762,
0.213318,
0.250549,
0.270081,
0.25238,
0.176392,
0.0634766,
-0.0268555,
-0.0924683,
-0.1297,
-0.141907,
-0.148315,
-0.150757,
-0.144958,
-0.144043,
-0.143738,
-0.131226,
-0.127258,
-0.124207,
-0.122986,
-0.116577,
-0.114136,
-0.109558,
-0.105591,
-0.0991821,
-0.09552,
-0.0942993,
-0.0939941,
-0.0997925,
-0.102844,
-0.105896,
-0.109558,
-0.10376,
-0.10437,
-0.100098,
-0.0918579,
-0.0634766,
-0.0189209,
-0.0088501,
-0.00579834,
0.0244141,
0.0250244,
-0.0363159,
-0.0878906,
-0.098877,
-0.114441,
-0.119934,
-0.115662,
-0.117188,
-0.115356,
-0.113831,
-0.110779,
-0.112,
-0.14801,
-0.205078,
-0.0790405,
0.437927,
0.987854,
0.762634,
0.243835,
0.0241089,
-0.0177002,
-0.0396729,
-0.0680542,
-0.0671387,
-0.0631714,
-0.0595093,
-0.0387573,
-0.0317383,
-0.0186157,
0,
0.0183105,
0.0332642,
0.0701904,
0.11261,
0.15625,
0.201416,
0.240173,
0.276489,
0.281372,
0.238037,
0.140991,
0.0256348,
-0.0546265,
-0.105591,
-0.129089,
-0.139465,
-0.145874,
-0.147095,
-0.143738,
-0.143127,
-0.138855,
-0.134277,
-0.128784,
-0.120544,
-0.119934,
-0.114136,
-0.112305,
-0.108948,
-0.105286,
-0.10376,
-0.104675,
-0.104675,
-0.108032,
-0.108643,
-0.10376,
-0.102234,
-0.102234,
-0.101013,
-0.0839233,
-0.0375366,
-0.0128174,
-0.0158691,
0.00701904,
0.0250244,
-0.017395,
-0.0888062,
-0.111389,
-0.12146,
-0.128784,
-0.129395,
-0.123291,
-0.124512,
-0.124207,
-0.122681,
-0.124817,
-0.149841,
-0.215149,
-0.1297,
0.315552,
0.924988,
0.831604,
0.290833,
0.0323486,
-0.0228882,
-0.0479126,
-0.0668335,
-0.0790405,
-0.0772095,
-0.0689697,
-0.0601196,
-0.0473022,
-0.0350952,
-0.012207,
0.00183105,
0.0216675,
0.0540161,
0.0878906,
0.131531,
0.190735,
0.231934,
0.262756,
0.270691,
0.235901,
0.150757,
0.0326538,
-0.0518799,
-0.101013,
-0.133057,
-0.147095,
-0.150757,
-0.148315,
-0.151978,
-0.143127,
-0.141907,
-0.137939,
-0.126648,
-0.126038,
-0.119324,
-0.11322,
-0.110779,
-0.101624,
-0.101318,
-0.101318,
-0.0976563,
-0.0997925,
-0.101013,
-0.103149,
-0.102539,
-0.0970459,
-0.098877,
-0.0961304,
-0.0656128,
-0.0222778,
-0.00671387,
-0.0112915,
0.0170898,
0.0308228,
-0.0299072,
-0.0958252,
-0.113525,
-0.114441,
-0.117188,
-0.123596,
-0.122681,
-0.118408,
-0.119934,
-0.119934,
-0.121155,
-0.154114,
-0.211182,
-0.0769043,
0.460205,
0.978394,
0.709229,
0.203247,
0.0115967,
-0.0177002,
-0.0424194,
-0.0714111,
-0.0634766,
-0.0585938,
-0.0613403,
-0.0469971,
-0.0292969,
-0.0131226,
-0.00396729,
0.010376,
0.0448608,
0.072937,
0.109253,
0.154114,
0.201721,
0.24292,
0.272217,
0.275269,
0.230713,
0.135498,
0.0271606,
-0.0576782,
-0.106506,
-0.127563,
-0.143433,
-0.144653,
-0.139771,
-0.138245,
-0.137329,
-0.133972,
-0.129089,
-0.122375,
-0.117493,
-0.112915,
-0.0997925,
-0.0979614,
-0.0997925,
-0.0961304,
-0.0961304,
-0.100403,
-0.102539,
-0.0964355,
-0.0967407,
-0.104675,
-0.102234,
-0.104065,
-0.0982666,
-0.0830078,
-0.0378418,
-0.00701904,
-0.00671387,
0.012207,
0.020752,
-0.0234985,
-0.0823975,
-0.101624,
-0.121765,
-0.124207,
-0.122375,
-0.131836,
-0.128784,
-0.122986,
-0.120239,
-0.116272,
-0.1474,
-0.215759,
-0.12207,
0.341797,
0.931702,
0.799255,
0.271301,
0.0259399,
-0.0244141,
-0.0424194,
-0.0674438,
-0.0784302,
-0.078125,
-0.0689697,
-0.0637817,
-0.0506592,
-0.0302124,
-0.0189209,
0.00701904,
0.0280762,
0.0509644,
0.0894165,
0.131226,
0.178833,
0.221863,
0.254211,
0.26825,
0.238953,
0.156555,
0.0421143,
-0.0524902,
-0.107117,
-0.133667,
-0.146179,
-0.150757,
-0.152588,
-0.148926,
-0.14679,
-0.13855,
-0.135498,
-0.133362,
-0.125732,
-0.115662,
-0.105286,
-0.106506,
-0.106506,
-0.106506,
-0.10376,
-0.104675,
-0.10437,
-0.0985718,
-0.0961304,
-0.0939941,
-0.083313,
-0.0457764,
-0.017395,
-0.0231934,
0.00366211,
0.0274658,
-0.0183105,
-0.0933838,
-0.12085,
-0.131226,
-0.136719,
-0.140686,
-0.139465,
-0.133057,
-0.13092,
-0.136414,
-0.134583,
-0.157166,
-0.22644,
-0.141296,
0.316162,
0.905762,
0.775452,
0.249939,
-0.000915527,
-0.0366211,
-0.0482178,
-0.078125,
-0.0894165,
-0.0765991,
-0.0671387,
-0.0622559,
-0.0494385,
-0.0311279,
-0.0167847,
0.00396729,
0.0259399,
0.0598145,
0.0970459,
0.137634,
0.187073,
0.236206,
0.267334,
0.281067,
0.249329,
0.158081,
0.0491333,
-0.0369263,
-0.0927734,
-0.118103,
-0.128479,
-0.137024,
-0.130005,
-0.119934,
-0.119324,
-0.118103,
-0.110474,
-0.103455,
-0.0982666,
-0.0912476,
-0.0918579,
-0.0854492,
-0.0735474,
-0.0753784,
-0.0759888,
-0.0759888,
-0.078125,
-0.0793457,
-0.0732422,
-0.0527954,
-0.0134277,
-0.00244141,
0.00915527,
0.0415039,
0.0463867,
-0.00488281,
-0.0692749,
-0.0939941,
-0.093689,
-0.0875854,
-0.0909424,
-0.0927734,
-0.0863647,
-0.0811768,
-0.0814819,
-0.0817871,
-0.122681,
-0.169067,
0.000915527,
0.551453,
1.01074,
0.689087,
0.209045,
0.0393677,
0.0198364,
0.000305176,
-0.0280762,
-0.0323486,
-0.0256348,
-0.0204468,
-0.0115967,
0.000610352,
0.0180054,
0.0390625,
0.0543213,
0.0823975,
0.113525,
0.144958,
0.186157,
0.236816,
0.288696,
0.307312,
0.310669,
0.261841,
0.158081,
0.0488281,
-0.0280762,
-0.0701904,
-0.0949097,
-0.0961304,
-0.105896,
-0.107117,
-0.103149,
-0.105286,
-0.105591,
-0.102234,
-0.0949097,
-0.0854492,
-0.0802612,
-0.0814819,
-0.072937,
-0.0735474,
-0.0744629,
-0.0680542,
-0.0720215,
-0.0762939,
-0.0765991,
-0.0692749,
-0.0418091,
-0.00335693,
-0.000610352,
0.0119019,
0.0421143,
0.0393677,
-0.0274658,
-0.0845337,
-0.101929,
-0.105896,
-0.106812,
-0.112915,
-0.110168,
-0.104065,
-0.100098,
-0.100403,
-0.104065,
-0.158997,
-0.19165,
0.0384521,
0.638733,
0.975037,
0.550842,
0.119019,
-0.00396729,
-0.0137329,
-0.043335,
-0.062561,
-0.0656128,
-0.062561,
-0.0485229,
-0.038147,
-0.0274658,
-0.0134277,
0.0115967,
0.0280762,
0.0479126,
0.0860596,
0.117493,
0.174866,
0.221252,
0.249023,
0.280762,
0.275269,
0.215759,
0.107422,
-0.00183105,
-0.0646973,
-0.109863,
-0.136414,
-0.146484,
-0.140686,
-0.133057,
-0.135803,
-0.131836,
-0.121765,
-0.122681,
-0.128479,
-0.123901,
-0.105591,
-0.100708,
-0.0985718,
-0.100708,
-0.101929,
-0.100403,
-0.0973511,
-0.083313,
-0.0473022,
-0.0286865,
-0.0274658,
-0.00335693,
0.015564,
-0.0198364,
-0.0933838,
-0.13092,
-0.134888,
-0.138855,
-0.141907,
-0.143433,
-0.145264,
-0.143738,
-0.148315,
-0.141907,
-0.160217,
-0.230103,
-0.145264,
0.278931,
0.872498,
0.783081,
0.228882,
-0.015564,
-0.071106,
-0.0765991,
-0.0866699,
-0.103149,
-0.103455,
-0.0958252,
-0.0790405,
-0.0671387,
-0.0515747,
-0.0350952,
-0.0192261,
0.00701904,
0.0372314,
0.0741577,
0.115051,
0.162659,
0.200195,
0.232239,
0.244141,
0.205688,
0.115051,
0.00579834,
-0.0808716,
-0.144348,
-0.167542,
-0.176697,
-0.187988,
-0.19165,
-0.191345,
-0.187683,
-0.183411,
-0.176392,
-0.16571,
-0.157471,
-0.153198,
-0.148315,
-0.140381,
-0.143127,
-0.144043,
-0.136719,
-0.143433,
-0.141907,
-0.0952148,
-0.0704956,
-0.0796509,
-0.0531006,
-0.0244141,
-0.0531006,
-0.12207,
-0.163269,
-0.17395,
-0.180664,
-0.182495,
-0.178528,
-0.172729,
-0.172729,
-0.173035,
-0.168152,
-0.186462,
-0.247498,
-0.192261,
0.188293,
0.79895,
0.828552,
0.261536,
-0.0201416,
-0.0756836,
-0.0991821,
-0.102234,
-0.109558,
-0.114441,
-0.11261,
-0.0979614,
-0.0759888,
-0.0604248,
-0.0466919,
-0.0213623,
0.00183105,
0.0262451,
0.0622559,
0.109558,
0.151367,
0.193481,
0.229797,
0.246887,
0.222778,
0.136108,
0.0204468,
-0.0622559,
-0.12146,
-0.163269,
-0.17334,
-0.16571,
-0.172424,
-0.174866,
-0.169373,
-0.164185,
-0.160828,
-0.155029,
-0.154419,
-0.145569,
-0.1297,
-0.127258,
-0.124512,
-0.122681,
-0.122375,
-0.125732,
-0.124512,
-0.11322,
-0.0814819,
-0.0543213,
-0.0576782,
-0.0372314,
0,
-0.0106812,
-0.0823975,
-0.133057,
-0.151367,
-0.158386,
-0.154114,
-0.150146,
-0.151978,
-0.150452,
-0.149536,
-0.138245,
-0.140991,
-0.211487,
-0.203552,
0.117188,
0.750122,
0.9375,
0.405579,
0.0338745,
-0.0366211,
-0.0497437,
-0.0683594,
-0.0888062,
-0.0900269,
-0.0735474,
-0.0708008,
-0.0601196,
-0.0387573,
-0.0271606,
-0.0115967,
0.0134277,
0.0375366,
0.0759888,
0.125732,
0.167542,
0.209045,
0.24353,
0.260925,
0.248413,
0.17334,
0.057373,
-0.0308228,
-0.088501,
-0.125427,
-0.142212,
-0.147095,
-0.145264,
-0.140686,
-0.139465,
-0.137329,
-0.129089,
-0.122375,
-0.115662,
-0.110779,
-0.105896,
-0.0997925,
-0.0946045,
-0.0930786,
-0.0909424,
-0.0912476,
-0.0888062,
-0.0967407,
-0.0967407,
-0.0878906,
-0.0726318,
-0.0308228,
-0.0115967,
-0.00610352,
0.0280762,
0.0378418,
-0.010376,
-0.0741577,
-0.098877,
-0.110168,
-0.112,
-0.110779,
-0.114441,
-0.106812,
-0.102234,
-0.10376,
-0.111084,
-0.150757,
-0.204468,
-0.0564575,
0.479431,
0.993958,
0.724792,
0.203552,
0.00213623,
-0.0167847,
-0.0430298,
-0.0674438,
-0.0720215,
-0.0741577,
-0.0592041,
-0.0445557,
-0.0384521,
-0.0296021,
-0.0106812,
0.0106812,
0.0332642,
0.0622559,
0.0982666,
0.146484,
0.195923,
0.231934,
0.261536,
0.263062,
0.210571,
0.116272,
0.0125122,
-0.06073,
-0.113831,
-0.139771,
-0.141907,
-0.140686,
-0.143738,
-0.13855,
-0.136414,
-0.133057,
-0.13031,
-0.12146,
-0.117798,
-0.114441,
-0.110168,
-0.105896,
-0.103149,
-0.102844,
-0.0970459,
-0.0976563,
-0.101929,
-0.0982666,
-0.101624,
-0.108337,
-0.108032,
-0.0982666,
-0.0772095,
-0.0289917,
-0.0131226,
-0.00396729,
0.0183105,
0.0161743,
-0.039978,
-0.104065,
-0.118408,
-0.126648,
-0.128479,
-0.124512,
-0.126038,
-0.131836,
-0.126343,
-0.119934,
-0.117798,
-0.163269,
-0.218506,
-0.062561,
0.477295,
0.980835,
0.700073,
0.188599,
-0.00640869,
-0.0302124,
-0.0570679,
-0.0823975,
-0.0863647,
-0.0854492,
-0.0799561,
-0.0595093,
-0.0524902,
-0.0424194,
-0.0204468,
0,
0.0222778,
0.0531006,
0.0997925,
0.149231,
0.19104,
0.227661,
0.255737,
0.259094,
0.20752,
0.110779,
0.0112915,
-0.0671387,
-0.111389,
-0.136719,
-0.149231,
-0.157471,
-0.159607,
-0.158691,
-0.147705,
-0.144958,
-0.14801,
-0.140381,
-0.129395,
-0.125732,
-0.126343,
-0.116272,
-0.112305,
-0.112915,
-0.115967,
-0.117493,
-0.119629,
-0.115356,
-0.116272,
-0.119019,
-0.120239,
-0.123291,
-0.119629,
-0.0949097,
-0.0540161,
-0.0323486,
-0.0259399,
0.000305176,
0.0125122,
-0.0274658,
-0.101624,
-0.128174,
-0.135193,
-0.140686,
-0.14801,
-0.14679,
-0.136414,
-0.139771,
-0.137329,
-0.132751,
-0.155029,
-0.228882,
-0.171509,
0.240173,
0.880737,
0.868225,
0.316772,
0.0195313,
-0.0473022,
-0.0628662,
-0.0927734,
-0.0976563,
-0.0924683,
-0.0869751,
-0.0817871,
-0.0692749,
-0.0500488,
-0.0393677,
-0.0247192,
0.000305176,
0.0302124,
0.065918,
0.110168,
0.15686,
0.198364,
0.233765,
0.244141,
0.219116,
0.138855,
0.0305176,
-0.065918,
-0.12207,
-0.154419,
-0.17334,
-0.178528,
-0.174561,
-0.173645,
-0.167542,
-0.164185,
-0.159912,
-0.15564,
-0.14801,
-0.148621,
-0.144043,
-0.13916,
-0.133972,
-0.133362,
-0.130615,
-0.133667,
-0.134277,
-0.133972,
-0.134277,
-0.131836,
-0.131836,
-0.135803,
-0.132446,
-0.127869,
-0.117798,
-0.0872803,
-0.0442505,
-0.0289917,
-0.0247192,
-0.00183105,
0,
-0.0582886,
-0.118103,
-0.132141,
-0.134277,
-0.136719,
-0.135498,
-0.131226,
-0.128479,
-0.126953,
-0.127563,
-0.131226,
-0.177307,
-0.227661,
-0.0439453,
0.522766,
1.00067,
0.658264,
0.158081,
-0.0213623,
-0.0549316,
-0.0692749,
-0.0842285,
-0.0909424,
-0.0857544,
-0.0796509,
-0.0674438,
-0.0540161,
-0.0430298,
-0.0180054,
0.00732422,
0.0274658,
0.0595093,
0.101318,
0.141907,
0.188904,
0.231323,
0.256958,
0.264587,
0.214539,
0.116272,
0.0146484,
-0.0601196,
-0.108948,
-0.132446,
-0.14679,
-0.145569,
-0.13916,
-0.137634,
-0.131226,
-0.126953,
-0.118408,
-0.112915,
-0.111084,
-0.110474,
-0.0991821,
-0.0918579,
-0.0909424,
-0.0921631,
-0.0878906,
-0.0845337,
-0.0894165,
-0.093689,
-0.085144,
-0.0845337,
-0.0906372,
-0.0912476,
-0.0827026,
-0.0836182,
-0.0860596,
-0.0714111,
-0.0512695,
-0.0106812,
0.022583,
0.0186157,
0.0332642,
0.0531006,
0.0244141,
-0.0448608,
-0.078125,
-0.0891113,
-0.0866699,
-0.0854492,
-0.0888062,
-0.0900269,
-0.0845337,
-0.0775146,
-0.0759888,
-0.0967407,
-0.167847,
-0.116577,
0.276184,
0.918579,
0.972595,
0.435791,
0.102539,
0.0320435,
0.0100708,
-0.0161743,
-0.0265503,
-0.0283813,
-0.0247192,
-0.0125122,
0,
0.00549316,
0.022583,
0.0479126,
0.0665283,
0.0878906,
0.128784,
0.172424,
0.219116,
0.267029,
0.298157,
0.318298,
0.300598,
0.221558,
0.120239,
0.0204468,
-0.0405884,
-0.072937,
-0.0973511,
-0.101318,
-0.09552,
-0.0979614,
-0.093689,
-0.0952148,
-0.0924683,
-0.0836182,
-0.0836182,
-0.0772095,
-0.0714111,
-0.0622559,
-0.0582886,
-0.0610352,
-0.0598145,
-0.0631714,
-0.06073,
-0.0564575,
-0.06073,
-0.0595093,
-0.0567627,
-0.0592041,
-0.0509644,
-0.0201416,
0.0216675,
0.0265503,
0.0314331,
0.0582886,
0.0506592,
-0.0128174,
-0.0628662,
-0.0759888,
-0.0842285,
-0.083313,
-0.0848389,
-0.0918579,
-0.0854492,
-0.0799561,
-0.0759888,
-0.0814819,
-0.13916,
-0.173035,
0.0500488,
0.65155,
1.01868,
0.608826,
0.163269,
0.0256348,
0.00549316,
-0.0222778,
-0.0415039,
-0.0439453,
-0.0390625,
-0.0302124,
-0.0234985,
-0.0134277,
0.00335693,
0.0161743,
0.0363159,
0.0634766,
0.0952148,
0.134583,
0.184937,
0.227661,
0.263672,
0.29541,
0.292664,
0.231323,
0.123596,
0.0183105,
-0.0527954,
-0.100403,
-0.128784,
-0.140686,
-0.133972,
-0.136719,
-0.135193,
-0.131531,
-0.131226,
-0.124207,
-0.119934,
-0.114746,
-0.105286,
-0.0924683,
-0.0927734,
-0.0939941,
-0.0894165,
-0.0915527,
-0.09552,
-0.0918579,
-0.093689,
-0.0958252,
-0.0805664,
-0.0509644,
-0.0262451,
-0.0152588,
0.00854492,
0.0299072,
0.00427246,
-0.0640869,
-0.111084,
-0.12085,
-0.126648,
-0.13092,
-0.1297,
-0.125732,
-0.119324,
-0.119629,
-0.120239,
-0.132446,
-0.2005,
-0.178833,
0.160828,
0.787048,
0.909119,
0.374451,
0.0393677,
-0.0360107,
-0.0515747,
-0.072937,
-0.0869751,
-0.083313,
-0.0717163,
-0.0704956,
-0.0564575,
-0.0384521,
-0.0250244,
-0.00701904,
0.0140381,
0.0436401,
0.0738525,
0.120239,
0.170288,
0.215149,
0.247803,
0.267029,
0.245972,
0.169983,
0.0689697,
-0.0390625,
-0.108643,
-0.145569,
-0.163574,
-0.171509,
-0.173035,
-0.173035,
-0.167236,
-0.163269,
-0.15564,
-0.148315,
-0.143738,
-0.147705,
-0.148926,
-0.138855,
-0.128479,
-0.136719,
-0.124817,
-0.117798,
-0.119934,
-0.101624,
-0.062561,
-0.0546265,
-0.0482178,
-0.0164795,
-0.0167847,
-0.0656128,
-0.114746,
-0.13855,
-0.158691,
-0.160217,
-0.159912,
-0.161438,
-0.160522,
-0.156555,
-0.150146,
-0.1474,
-0.19104,
-0.235901,
-0.0665283,
0.455322,
0.946045,
0.614319,
0.098877,
-0.0366211,
-0.0765991,
-0.0854492,
-0.0994873,
-0.109863,
-0.0997925,
-0.0869751,
-0.0769043,
-0.0613403,
-0.0518799,
-0.0274658,
-0.00427246,
0.0125122,
0.045166,
0.088501,
0.133362,
0.176086,
0.220032,
0.252075,
0.25116,
0.196533,
0.0952148,
-0.0152588,
-0.0967407,
-0.153809,
-0.170898,
-0.184021,
-0.190125,
-0.178223,
-0.180054,
-0.173645,
-0.170288,
-0.170898,
-0.163879,
-0.152893,
-0.141907,
-0.13916,
-0.132141,
-0.123291,
-0.122375,
-0.122986,
-0.119629,
-0.104675,
-0.067749,
-0.0561523,
-0.0527954,
-0.0180054,
-0.00610352,
-0.0613403,
-0.122681,
-0.152283,
-0.159912,
-0.164185,
-0.166016,
-0.159302,
-0.163269,
-0.158997,
-0.149536,
-0.147095,
-0.201111,
-0.240479,
-0.00976563,
0.583496,
0.987244,
0.55481,
0.0692749,
-0.0570679,
-0.0817871,
-0.0872803,
-0.0970459,
-0.105286,
-0.10437,
-0.090332,
-0.0790405,
-0.0708008,
-0.0506592,
-0.03479,
-0.0131226,
0.0167847,
0.0457764,
0.0839233,
0.126953,
0.179443,
0.220032,
0.236816,
0.231323,
0.177612,
0.0738525,
-0.0292969,
-0.101318,
-0.143433,
-0.160828,
-0.17395,
-0.172119,
-0.167542,
-0.164795,
-0.164795,
-0.157166,
-0.148315,
-0.146484,
-0.144043,
-0.131836,
-0.126038,
-0.126648,
-0.117188,
-0.114136,
-0.112915,
-0.110779,
-0.109253,
-0.09552,
-0.0546265,
-0.0314331,
-0.032959,
-0.00610352,
0.0143433,
-0.0198364,
-0.0906372,
-0.126953,
-0.137024,
-0.132751,
-0.133057,
-0.131531,
-0.128784,
-0.126343,
-0.120239,
-0.121155,
-0.147095,
-0.213623,
-0.114136,
0.360413,
0.962219,
0.815125,
0.237427,
0.00152588,
-0.015564,
-0.0302124,
-0.0610352,
-0.0698853,
-0.0656128,
-0.0613403,
-0.0500488,
-0.0402832,
-0.0231934,
-0.00213623,
0.0119019,
0.038147,
0.0692749,
0.101929,
0.142822,
0.192566,
0.236816,
0.270996,
0.276184,
0.236206,
0.143433,
0.0341797,
-0.0512695,
-0.106812,
-0.125732,
-0.133972,
-0.136719,
-0.131531,
-0.131226,
-0.131226,
-0.120239,
-0.114441,
-0.119324,
-0.110168,
-0.0924683,
-0.0921631,
-0.093689,
-0.0900269,
-0.085144,
-0.0875854,
-0.0881958,
-0.0918579,
-0.093689,
-0.0915527,
-0.0964355,
-0.0967407,
-0.085144,
-0.0454712,
-0.0137329,
-0.0140381,
0.00793457,
0.0265503,
-0.000915527,
-0.0756836,
-0.108948,
-0.118408,
-0.125427,
-0.127563,
-0.126343,
-0.124817,
-0.122681,
-0.12207,
-0.120544,
-0.139771,
-0.213013,
-0.184021,
0.177307,
0.833435,
0.925293,
0.386658,
0.0393677,
-0.0292969,
-0.0402832,
-0.0762939,
-0.0924683,
-0.0830078,
-0.0808716,
-0.0723267,
-0.057373,
-0.0469971,
-0.0326538,
-0.0088501,
0.0143433,
0.0375366,
0.0732422,
0.123291,
0.169067,
0.20813,
0.246887,
0.266418,
0.237427,
0.163269,
0.0631714,
-0.0369263,
-0.101624,
-0.128784,
-0.143127,
-0.14801,
-0.151672,
-0.150146,
-0.149536,
-0.145874,
-0.143433,
-0.133972,
-0.126343,
-0.123901,
-0.119629,
-0.116272,
-0.110474,
-0.109558,
-0.112,
-0.106812,
-0.101624,
-0.111084,
-0.114136,
-0.109863,
-0.111694,
-0.117493,
-0.118103,
-0.11261,
-0.102234,
-0.0656128,
-0.0189209,
-0.0195313,
-0.00793457,
0.0167847,
0.00183105,
-0.0622559,
-0.107422,
-0.12085,
-0.128479,
-0.124512,
-0.122986,
-0.130005,
-0.132751,
-0.123596,
-0.11261,
-0.118713,
-0.180359,
-0.198669,
0.0527954,
0.667725,
1.01105,
0.579224,
0.132446,
0.00610352,
-0.00976563,
-0.0415039,
-0.0622559,
-0.0540161,
-0.0457764,
-0.03479,
-0.0177002,
-0.00640869,
0.0143433,
0.038147,
0.057373,
0.0964355,
0.137634,
0.177917,
0.231934,
0.274658,
0.319519,
0.354614,
0.357056,
0.306702,
0.210876,
0.116882,
0.0515747,
0.0213623,
0.00366211,
-0.000915527,
0.0088501,
0.0222778,
0.0341797,
0.0463867,
0.0582886,
0.0735474,
0.0817871,
0.0991821,
0.127563,
0.138855,
0.149231,
0.162964,
0.181274,
0.188293,
0.19928,
0.210876,
0.220947,
0.231018,
0.241699,
0.259705,
0.272827,
0.293579,
0.351257,
0.397644,
0.408325,
0.429382,
0.466003,
0.455017,
0.390625,
0.364685,
0.367737,
0.372925,
0.385437,
0.393372,
0.403137,
0.422058,
0.433044,
0.437012,
0.435791,
0.372009,
0.388184,
0.73761,
1.38611,
1.53564,
1.03119,
0.67627,
0.596008,
0.583191,
0.555115,
0.540771,
0.54718,
0.559692,
0.580444,
0.595398,
0.606995,
0.621643,
0.639648,
0.664368,
0.693665,
0.729065,
0.775452,
0.816956,
0.859985,
0.897522,
0.917664,
0.896606,
0.818481,
0.715332,
0.620728,
0.551453,
0.508423,
0.488281,
0.47821,
0.473328,
0.470581,
0.465088,
0.464172,
0.46814,
0.461731,
0.464478,
0.46051,
0.455627,
0.457153,
0.452271,
0.450134,
0.451355,
0.439453,
0.429688,
0.424805,
0.410767,
0.394897,
0.381165,
0.368958,
0.363159,
0.352783,
0.344543,
0.33844,
0.346985,
0.379333,
0.40741,
0.393677,
0.395203,
0.409546,
0.375671,
0.299072,
0.250244,
0.231018,
0.215149,
0.206604,
0.203857,
0.189819,
0.172119,
0.169373,
0.164795,
0.142212,
0.0637817,
0.0540161,
0.353699,
0.987549,
1.18683,
0.674744,
0.283813,
0.173645,
0.137024,
0.0970459,
0.0814819,
0.0723267,
0.0701904,
0.0671387,
0.067749,
0.0744629,
0.0778198,
0.0915527,
0.108948,
0.126038,
0.144958,
0.172119,
0.215759,
0.259094,
0.287476,
0.302124,
0.284424,
0.214233,
0.101929,
-0.00976563,
-0.0875854,
-0.131226,
-0.155945,
-0.1651,
-0.18158,
-0.190735,
-0.19165,
-0.195007,
-0.19165,
-0.19043,
-0.19928,
-0.195923,
-0.189819,
-0.194092,
-0.200806,
-0.202637,
-0.206604,
-0.210571,
-0.216064,
-0.22583,
-0.235291,
-0.240784,
-0.239868,
-0.235901,
-0.201721,
-0.16571,
-0.170593,
-0.156555,
-0.134888,
-0.16571,
-0.241699,
-0.282898,
-0.288391,
-0.294189,
-0.2948,
-0.296631,
-0.302429,
-0.292358,
-0.28717,
-0.292053,
-0.310364,
-0.388184,
-0.36499,
-0.00946045,
0.622559,
0.701904,
0.177612,
-0.152283,
-0.225525,
-0.244446,
-0.279236,
-0.292358,
-0.291138,
-0.291748,
-0.283813,
-0.270386,
-0.257874,
-0.249939,
-0.232849,
-0.213013,
-0.185242,
-0.151367,
-0.117493,
-0.0680542,
-0.0228882,
-0.00244141,
0.0161743,
0.00488281,
-0.0775146,
-0.19165,
-0.290833,
-0.356445,
-0.389099,
-0.404358,
-0.415344,
-0.420532,
-0.413208,
-0.406189,
-0.40802,
-0.407104,
-0.406189,
-0.397034,
-0.386963,
-0.386047,
-0.383606,
-0.381165,
-0.380859,
-0.380554,
-0.380554,
-0.386658,
-0.381165,
-0.377808,
-0.38147,
-0.376892,
-0.36377,
-0.322876,
-0.296021,
-0.294189,
-0.270996,
-0.25116,
-0.292358,
-0.365601,
-0.386963,
-0.39917,
-0.412598,
-0.411072,
-0.410767,
-0.403137,
-0.397644,
-0.397034,
-0.395508,
-0.41626,
-0.485535,
-0.415039,
0.012207,
0.617371,
0.545044,
0.0119019,
-0.256348,
-0.300903,
-0.320129,
-0.350647,
-0.354309,
-0.3479,
-0.342407,
-0.332947,
-0.318909,
-0.307007,
-0.2948,
-0.278625,
-0.256958,
-0.223694,
-0.190125,
-0.150757,
-0.0979614,
-0.0585938,
-0.022583,
-0.0012207,
-0.0320435,
-0.114136,
-0.221863,
-0.311584,
-0.36377,
-0.395813,
-0.407104,
-0.411072,
-0.411377,
-0.405579,
-0.397034,
-0.392456,
-0.387878,
-0.381775,
-0.369568,
-0.365295,
-0.35675,
-0.352783,
-0.350647,
-0.344543,
-0.344543,
-0.346069,
-0.33905,
-0.333862,
-0.3302,
-0.305481,
-0.268555,
-0.259094,
-0.240173,
-0.20874,
-0.210571,
-0.260925,
-0.311279,
-0.332336,
-0.33905,
-0.336609,
-0.340881,
-0.343018,
-0.339661,
-0.323486,
-0.319824,
-0.322876,
-0.375061,
-0.405884,
-0.195313,
0.367126,
0.758972,
0.365906,
-0.0918579,
-0.21637,
-0.224915,
-0.238647,
-0.264587,
-0.267639,
-0.258789,
-0.252991,
-0.234375,
-0.214233,
-0.198669,
-0.183105,
-0.158386,
-0.131531,
-0.102844,
-0.0653076,
-0.00701904,
0.0408936,
0.0765991,
0.102234,
0.0994873,
0.0558472,
-0.0469971,
-0.155945,
-0.228577,
-0.274048,
-0.292969,
-0.301819,
-0.30426,
-0.302429,
-0.296326,
-0.295715,
-0.289917,
-0.273132,
-0.263672,
-0.267944,
-0.261536,
-0.246582,
-0.241394,
-0.238342,
-0.236511,
-0.238647,
-0.233765,
-0.232544,
-0.21637,
-0.172729,
-0.159912,
-0.151062,
-0.116272,
-0.106812,
-0.150757,
-0.214233,
-0.250549,
-0.255127,
-0.25116,
-0.255432,
-0.253906,
-0.249939,
-0.245361,
-0.241394,
-0.24231,
-0.268555,
-0.32196,
-0.194702,
0.291443,
0.82428,
0.583801,
0.0509644,
-0.124207,
-0.159912,
-0.167236,
-0.184021,
-0.191345,
-0.188599,
-0.175781,
-0.166016,
-0.146179,
-0.126038,
-0.108032,
-0.0878906,
-0.0610352,
-0.0299072,
0.0109863,
0.0582886,
0.106812,
0.156555,
0.186462,
0.193176,
0.156555,
0.0558472,
-0.0527954,
-0.128174,
-0.178833,
-0.205383,
-0.219727,
-0.221558,
-0.214539,
-0.210876,
-0.205383,
-0.201111,
-0.196228,
-0.187683,
-0.185242,
-0.175476,
-0.162964,
-0.157471,
-0.162048,
-0.158997,
-0.149536,
-0.144043,
-0.133057,
-0.100098,
-0.0738525,
-0.0732422,
-0.0500488,
-0.0189209,
-0.0418091,
-0.104065,
-0.150146,
-0.168762,
-0.175171,
-0.175171,
-0.17334,
-0.17395,
-0.166321,
-0.164795,
-0.158997,
-0.167542,
-0.235596,
-0.207214,
0.154724,
0.793457,
0.888672,
0.334778,
0.000915527,
-0.0509644,
-0.0640869,
-0.0820923,
-0.0964355,
-0.101318,
-0.0918579,
-0.0759888,
-0.0662231,
-0.0512695,
-0.0320435,
-0.0128174,
0.0149536,
0.0393677,
0.0714111,
0.114136,
0.166321,
0.212708,
0.237427,
0.249939,
0.239258,
0.157166,
0.0491333,
-0.032959,
-0.0915527,
-0.122375,
-0.132141,
-0.140076,
-0.139465,
-0.135193,
-0.131531,
-0.127258,
-0.119934,
-0.11322,
-0.110474,
-0.0994873,
-0.0994873,
-0.103455,
-0.0939941,
-0.0875854,
-0.0888062,
-0.0891113,
-0.0894165,
-0.085144,
-0.0665283,
-0.0311279,
-0.0198364,
-0.0137329,
0.0231934,
0.0323486,
-0.0149536,
-0.0741577,
-0.10376,
-0.112305,
-0.114746,
-0.118713,
-0.117798,
-0.110168,
-0.111694,
-0.111389,
-0.106201,
-0.136108,
-0.202026,
-0.0942993,
0.404053,
0.977783,
0.775452,
0.228577,
0.00823975,
-0.0131226,
-0.032959,
-0.0558472,
-0.0619507,
-0.0634766,
-0.0527954,
-0.0387573,
-0.0268555,
-0.0170898,
0.00823975,
0.0259399,
0.0460815,
0.0784302,
0.121765,
0.167847,
0.212097,
0.254211,
0.288086,
0.292664,
0.250854,
0.149841,
0.0436401,
-0.0366211,
-0.0878906,
-0.106812,
-0.116577,
-0.122375,
-0.121765,
-0.119629,
-0.110474,
-0.107422,
-0.100708,
-0.0918579,
-0.093689,
-0.0860596,
-0.0787354,
-0.0839233,
-0.0750732,
-0.0653076,
-0.0708008,
-0.0698853,
-0.0732422,
-0.0738525,
-0.0772095,
-0.0750732,
-0.0683594,
-0.0326538,
0.00823975,
0.00793457,
0.0213623,
0.0485229,
0.0289917,
-0.0338745,
-0.083313,
-0.0924683,
-0.098877,
-0.100098,
-0.101624,
-0.0958252,
-0.0918579,
-0.0888062,
-0.0863647,
-0.0897217,
-0.158691,
-0.166016,
0.134888,
0.776062,
0.999756,
0.513306,
0.123901,
0.0271606,
0.010376,
-0.0228882,
-0.0387573,
-0.0354004,
-0.0250244,
-0.0128174,
-0.00671387,
0.0128174,
0.0280762,
0.0485229,
0.0726318,
0.0982666,
0.137024,
0.180359,
0.224609,
0.274353,
0.31311,
0.335999,
0.332642,
0.265198,
0.155945,
0.0674438,
0.0106812,
-0.022583,
-0.0375366,
-0.0405884,
-0.0311279,
-0.0274658,
-0.0250244,
-0.00946045,
-0.00854492,
0.00213623,
0.020752,
0.0265503,
0.0360107,
0.045166,
0.0500488,
0.0616455,
0.0674438,
0.0650024,
0.0726318,
0.0747681,
0.0704956,
0.0817871,
0.0921631,
0.102844,
0.136719,
0.180359,
0.193176,
0.203552,
0.233765,
0.236511,
0.171814,
0.124207,
0.121765,
0.115356,
0.119324,
0.115967,
0.121155,
0.126343,
0.129089,
0.13092,
0.132751,
0.0836182,
0.0482178,
0.263367,
0.846863,
1.24329,
0.860291,
0.402832,
0.250244,
0.235291,
0.211792,
0.188293,
0.185852,
0.19928,
0.20752,
0.215759,
0.229187,
0.246887,
0.261841,
0.2771,
0.311279,
0.338135,
0.372314,
0.422668,
0.463562,
0.498962,
0.527039,
0.520325,
0.457153,
0.354919,
0.253906,
0.174561,
0.13092,
0.109863,
0.0942993,
0.0906372,
0.0894165,
0.0909424,
0.0921631,
0.0906372,
0.09552,
0.100708,
0.101318,
0.10376,
0.106812,
0.101013,
0.100403,
0.0997925,
0.0979614,
0.0930786,
0.0881958,
0.083313,
0.0753784,
0.0732422,
0.0820923,
0.117188,
0.13855,
0.138855,
0.158081,
0.171204,
0.132751,
0.0588989,
0.0292969,
0.0158691,
0.00366211,
-0.00427246,
-0.00305176,
-0.00213623,
-0.00305176,
-0.0100708,
-0.0140381,
-0.0289917,
-0.0985718,
-0.0619507,
0.316772,
0.944824,
0.968933,
0.437012,
0.123596,
0.055542,
0.0354004,
0.00244141,
-0.00610352,
-0.0109863,
-0.0140381,
0.00244141,
0.00701904,
0.0088501,
0.0271606,
0.0442505,
0.0601196,
0.0878906,
0.119934,
0.160522,
0.202332,
0.241089,
0.273132,
0.288086,
0.262146,
0.170898,
0.0595093,
-0.0286865,
-0.088501,
-0.125732,
-0.150146,
-0.155334,
-0.157776,
-0.16449,
-0.162964,
-0.162659,
-0.162354,
-0.157776,
-0.152283,
-0.14679,
-0.149841,
-0.150146,
-0.14679,
-0.150146,
-0.153198,
-0.149536,
-0.160522,
-0.166931,
-0.159912,
-0.142212,
-0.112305,
-0.0949097,
-0.0823975,
-0.0592041,
-0.0701904,
-0.137329,
-0.197449,
-0.212402,
-0.219421,
-0.22644,
-0.227356,
-0.228577,
-0.236206,
-0.230713,
-0.227356,
-0.231323,
-0.290527,
-0.323792,
-0.0939941,
0.494385,
0.857849,
0.415955,
-0.0247192,
-0.143738,
-0.166626,
-0.182495,
-0.19928,
-0.198364,
-0.204773,
-0.199585,
-0.177002,
-0.173035,
-0.153503,
-0.131226,
-0.116272,
-0.0897217,
-0.0515747,
-0.015564,
0.0302124,
0.0848389,
0.119934,
0.138855,
0.131531,
0.065918,
-0.0479126,
-0.152283,
-0.219727,
-0.263062,
-0.291748,
-0.301819,
-0.300293,
-0.300598,
-0.296326,
-0.29541,
-0.278625,
-0.275879,
-0.272522,
-0.261536,
-0.261536,
-0.257874,
-0.249634,
-0.247803,
-0.242615,
-0.246887,
-0.254517,
-0.230713,
-0.201416,
-0.177917,
-0.167236,
-0.141907,
-0.120544,
-0.161743,
-0.231628,
-0.254211,
-0.26001,
-0.266113,
-0.261536,
-0.266113,
-0.259399,
-0.252686,
-0.249023,
-0.246277,
-0.264587,
-0.334473,
-0.258179,
0.188293,
0.809021,
0.699768,
0.101929,
-0.119019,
-0.175781,
-0.180969,
-0.179443,
-0.194397,
-0.195618,
-0.184937,
-0.179749,
-0.166931,
-0.141296,
-0.125427,
-0.109863,
-0.0778198,
-0.0479126,
-0.010376,
0.0372314,
0.0881958,
0.126953,
0.151062,
0.168457,
0.140991,
0.0424194,
-0.0723267,
-0.162354,
-0.204468,
-0.238953,
-0.263062,
-0.26062,
-0.258179,
-0.255432,
-0.253601,
-0.247803,
-0.239868,
-0.230103,
-0.231018,
-0.224609,
-0.205994,
-0.208435,
-0.207825,
-0.201111,
-0.194702,
-0.187378,
-0.169067,
-0.133057,
-0.123901,
-0.108948,
-0.0778198,
-0.0814819,
-0.133667,
-0.184326,
-0.223694,
-0.234985,
-0.227051,
-0.21698,
-0.224609,
-0.230713,
-0.223083,
-0.222168,
-0.218506,
-0.271301,
-0.292053,
-0.0408936,
0.567322,
0.943298,
0.447693,
-0.038147,
-0.128174,
-0.150757,
-0.155334,
-0.166931,
-0.169067,
-0.155334,
-0.151978,
-0.140076,
-0.123291,
-0.112915,
-0.0878906,
-0.0543213,
-0.0296021,
0.0012207,
0.0427246,
0.0860596,
0.130005,
0.166626,
0.192871,
0.195618,
0.12207,
0.0158691,
-0.0775146,
-0.150757,
-0.198669,
-0.224915,
-0.231628,
-0.224915,
-0.219116,
-0.213623,
-0.207825,
-0.211792,
-0.205383,
-0.197144,
-0.187378,
-0.170593,
-0.169067,
-0.169067,
-0.15564,
-0.152283,
-0.148621,
-0.142212,
-0.110474,
-0.083313,
-0.0854492,
-0.0582886,
-0.0222778,
-0.0454712,
-0.116577,
-0.159302,
-0.179749,
-0.177917,
-0.18158,
-0.185547,
-0.180664,
-0.176392,
-0.173645,
-0.169373,
-0.172119,
-0.243225,
-0.228882,
0.110474,
0.762329,
0.955811,
0.378723,
-0.00335693,
-0.0747681,
-0.0924683,
-0.100708,
-0.11322,
-0.116577,
-0.106201,
-0.0982666,
-0.0820923,
-0.0634766,
-0.0469971,
-0.0219727,
0.00183105,
0.0253296,
0.0601196,
0.106506,
0.155029,
0.199585,
0.236816,
0.249023,
0.232544,
0.148315,
0.0341797,
-0.0531006,
-0.112,
-0.151672,
-0.166931,
-0.175476,
-0.176086,
-0.171509,
-0.169678,
-0.162964,
-0.161133,
-0.14801,
-0.140076,
-0.145264,
-0.143738,
-0.123901,
-0.120239,
-0.122681,
-0.117798,
-0.119019,
-0.116272,
-0.119019,
-0.12146,
-0.116577,
-0.12146,
-0.126648,
-0.116577,
-0.0949097,
-0.0506592,
-0.0213623,
-0.0186157,
0.000305176,
0.00518799,
-0.0363159,
-0.100403,
-0.125427,
-0.133972,
-0.139465,
-0.135193,
-0.135193,
-0.140991,
-0.132141,
-0.118408,
-0.121155,
-0.158081,
-0.220947,
-0.0714111,
0.457764,
1.01135,
0.760498,
0.187988,
-0.0152588,
-0.0411987,
-0.0588989,
-0.0759888,
-0.0848389,
-0.0863647,
-0.0640869,
-0.0543213,
-0.0500488,
-0.0308228,
-0.0143433,
0.00213623,
0.0271606,
0.0628662,
0.104065,
0.149536,
0.19989,
0.244446,
0.274963,
0.280151,
0.238647,
0.149231,
0.0445557,
-0.0454712,
-0.0994873,
-0.124207,
-0.135193,
-0.137634,
-0.136719,
-0.133972,
-0.131836,
-0.12085,
-0.113831,
-0.110779,
-0.106506,
-0.103455,
-0.0939941,
-0.090332,
-0.0946045,
-0.0872803,
-0.0854492,
-0.0857544,
-0.0891113,
-0.0924683,
-0.0976563,
-0.0967407,
-0.0942993,
-0.103455,
-0.101013,
-0.101929,
-0.100098,
-0.0894165,
-0.0643921,
-0.0143433,
-0.00335693,
-0.0088501,
0.0234985,
0.0265503,
-0.0274658,
-0.0866699,
-0.10376,
-0.110168,
-0.115051,
-0.117798,
-0.118408,
-0.117493,
-0.117493,
-0.113831,
-0.106812,
-0.139771,
-0.203857,
-0.0802612,
0.422058,
1.00037,
0.817261,
0.244446,
0.00854492,
-0.0143433,
-0.0424194,
-0.0723267,
-0.0747681,
-0.0695801,
-0.0622559,
-0.0488281,
-0.0411987,
-0.0286865,
-0.0137329,
0.0012207,
0.0241089,
0.0610352,
0.0952148,
0.134583,
0.193176,
0.236206,
0.264587,
0.273438,
0.248108,
0.152283,
0.0396729,
-0.0415039,
-0.09552,
-0.125732,
-0.135193,
-0.142212,
-0.141907,
-0.137939,
-0.135803,
-0.133057,
-0.135803,
-0.122681,
-0.117493,
-0.115967,
-0.111084,
-0.109863,
-0.102844,
-0.10437,
-0.110168,
-0.105896,
-0.103149,
-0.102539,
-0.112915,
-0.117188,
-0.115356,
-0.119019,
-0.118408,
-0.117188,
-0.118103,
-0.108337,
-0.0985718,
-0.0769043,
-0.0259399,
-0.0152588,
-0.0192261,
0.00427246,
0.00793457,
-0.0500488,
-0.101318,
-0.116577,
-0.130005,
-0.13092,
-0.131531,
-0.143738,
-0.134888,
-0.1297,
-0.138855,
-0.137329,
-0.166321,
-0.236206,
-0.0997925,
0.422363,
0.978394,
0.751648,
0.20752,
-0.00946045,
-0.0448608,
-0.0704956,
-0.0979614,
-0.102234,
-0.0970459,
-0.0866699,
-0.0753784,
-0.0637817,
-0.050354,
-0.0415039,
-0.0198364,
0.00366211,
0.0268555,
0.0650024,
0.113525,
0.155945,
0.198059,
0.236816,
0.25177,
0.212708,
0.124512,
0.0158691,
-0.0756836,
-0.132446,
-0.161438,
-0.173035,
-0.177917,
-0.177612,
-0.172729,
-0.171814,
-0.168762,
-0.162964,
-0.162048,
-0.150757,
-0.143433,
-0.143738,
-0.133362,
-0.130005,
-0.135803,
-0.133667,
-0.1297,
-0.137024,
-0.143127,
-0.13031,
-0.131226,
-0.142822,
-0.140686,
-0.137634,
-0.137939,
-0.131836,
-0.10437,
-0.0531006,
-0.0415039,
-0.0393677,
-0.0134277,
-0.00701904,
-0.0619507,
-0.124207,
-0.144043,
-0.149231,
-0.151978,
-0.158081,
-0.145874,
-0.142212,
-0.147705,
-0.147705,
-0.142822,
-0.176697,
-0.244446,
-0.118713,
0.403137,
0.966187,
0.732727,
0.197449,
-0.0152588,
-0.0634766,
-0.0827026,
-0.098877,
-0.107422,
-0.104675,
-0.0949097,
-0.0857544,
-0.0717163,
-0.0460815,
-0.0335693,
-0.0213623,
0.00366211,
0.0360107,
0.0714111,
0.112305,
0.169983,
0.217285,
0.242004,
0.257263,
0.22644,
0.136108,
0.0219727,
-0.0778198,
-0.128174,
-0.152283,
-0.159912,
-0.166016,
-0.169983,
-0.169983,
-0.166931,
-0.159302,
-0.152283,
-0.145569,
-0.143738,
-0.143127,
-0.133667,
-0.128479,
-0.126343,
-0.128174,
-0.126038,
-0.121765,
-0.125732,
-0.131836,
-0.127869,
-0.123901,
-0.124817,
-0.109253,
-0.0643921,
-0.0430298,
-0.0350952,
-0.00671387,
-0.00549316,
-0.0637817,
-0.12085,
-0.141602,
-0.155029,
-0.162354,
-0.155029,
-0.15625,
-0.153503,
-0.155029,
-0.155029,
-0.146179,
-0.17334,
-0.24292,
-0.115051,
0.395813,
0.94696,
0.715332,
0.166321,
-0.0256348,
-0.0564575,
-0.0762939,
-0.0964355,
-0.098877,
-0.0946045,
-0.0875854,
-0.0732422,
-0.0585938,
-0.0506592,
-0.0332642,
-0.015564,
0.00854492,
0.0408936,
0.0775146,
0.118103,
0.168152,
0.21759,
0.247498,
0.255737,
0.215454,
0.128784,
0.0204468,
-0.0653076,
-0.126343,
-0.151672,
-0.158081,
-0.160828,
-0.164185,
-0.162659,
-0.159607,
-0.150452,
-0.139771,
-0.134888,
-0.128784,
-0.126953,
-0.124207,
-0.121155,
-0.110779,
-0.107117,
-0.110779,
-0.112915,
-0.107422,
-0.108337,
-0.116882,
-0.116882,
-0.115967,
-0.114441,
-0.11261,
-0.10376,
-0.0643921,
-0.0259399,
-0.0167847,
-0.00274658,
0.0149536,
-0.0088501,
-0.0701904,
-0.109863,
-0.123901,
-0.126648,
-0.132141,
-0.134888,
-0.127563,
-0.131836,
-0.133972,
-0.131531,
-0.133362,
-0.202026,
-0.203857,
0.101013,
0.744629,
0.978699,
0.467224,
0.0604248,
-0.0262451,
-0.0430298,
-0.0714111,
-0.0878906,
-0.0878906,
-0.0814819,
-0.0735474,
-0.0616455,
-0.0457764,
-0.0332642,
-0.020752,
0.00793457,
0.0320435,
0.0582886,
0.0982666,
0.147095,
0.193481,
0.230103,
0.255127,
0.255737,
0.19989,
0.0924683,
-0.0128174,
-0.0845337,
-0.123596,
-0.141296,
-0.148621,
-0.152893,
-0.1474,
-0.141602,
-0.138245,
-0.133667,
-0.126953,
-0.125427,
-0.121155,
-0.112305,
-0.11322,
-0.114441,
-0.11322,
-0.110168,
-0.106812,
-0.112,
-0.114746,
-0.112305,
-0.115967,
-0.124207,
-0.117798,
-0.0796509,
-0.0354004,
-0.0350952,
-0.0216675,
0.00610352,
-0.0125122,
-0.0793457,
-0.123901,
-0.139465,
-0.145874,
-0.145569,
-0.14801,
-0.150757,
-0.145569,
-0.135803,
-0.140381,
-0.145264,
-0.204163,
-0.230103,
0.0338745,
0.65918,
0.960083,
0.495911,
0.0720215,
-0.0390625,
-0.0448608,
-0.0717163,
-0.0915527,
-0.0906372,
-0.0842285,
-0.0778198,
-0.0622559,
-0.0524902,
-0.039978,
-0.0222778,
-0.00732422,
0.0219727,
0.0561523,
0.0909424,
0.135498,
0.185242,
0.229797,
0.252075,
0.249329,
0.192566,
0.0881958,
-0.0137329,
-0.0888062,
-0.131836,
-0.152283,
-0.154419,
-0.159607,
-0.15686,
-0.153198,
-0.14801,
-0.145569,
-0.140076,
-0.134277,
-0.124207,
-0.117493,
-0.113525,
-0.119324,
-0.12207,
-0.12146,
-0.118103,
-0.118103,
-0.122681,
-0.123901,
-0.121765,
-0.103149,
-0.0704956,
-0.043335,
-0.0421143,
-0.0125122,
0.00915527,
-0.0408936,
-0.116577,
-0.144653,
-0.148621,
-0.152893,
-0.153198,
-0.144958,
-0.14679,
-0.144348,
-0.138245,
-0.13855,
-0.161743,
-0.227356,
-0.120544,
0.360413,
0.921326,
0.744019,
0.210876,
-0.00335693,
-0.0234985,
-0.0439453,
-0.0714111,
-0.0732422,
-0.067749,
-0.0619507,
-0.0521851,
-0.0390625,
-0.0204468,
-0.00854492,
0.0128174,
0.0415039,
0.0650024,
0.101929,
0.146484,
0.193481,
0.240784,
0.26825,
0.285339,
0.26062,
0.172424,
0.0671387,
-0.0204468,
-0.0726318,
-0.0982666,
-0.115662,
-0.114441,
-0.110779,
-0.102844,
-0.100098,
-0.0860596,
-0.0787354,
-0.0762939,
-0.0738525,
-0.0646973,
-0.0527954,
-0.0491333,
-0.0512695,
-0.0494385,
-0.0427246,
-0.0466919,
-0.0430298,
-0.0186157,
0.0143433,
0.0210571,
0.0320435,
0.067749,
0.071106,
0.00915527,
-0.0469971,
-0.0692749,
-0.0793457,
-0.0747681,
-0.071106,
-0.0732422,
-0.0735474,
-0.0674438,
-0.0610352,
-0.0552368,
-0.109253,
-0.147095,
0.067749,
0.65033,
1.03912,
0.641174,
0.183716,
0.0515747,
0.0387573,
0.0170898,
-0.00274658,
-0.00793457,
-0.00183105,
0.0149536,
0.0253296,
0.0344849,
0.0558472,
0.0726318,
0.090332,
0.115356,
0.143738,
0.19043,
0.23407,
0.275574,
0.318909,
0.345154,
0.342407,
0.28717,
0.189514,
0.0857544,
0.0125122,
-0.022583,
-0.0442505,
-0.057373,
-0.0534058,
-0.0469971,
-0.0466919,
-0.050354,
-0.0479126,
-0.0491333,
-0.0424194,
-0.0189209,
-0.0167847,
-0.0195313,
-0.0183105,
-0.020752,
-0.015564,
-0.00732422,
0.00152588,
0.0308228,
0.045166,
0.0500488,
0.0717163,
0.0888062,
0.0442505,
-0.0320435,
-0.0604248,
-0.067749,
-0.0765991,
-0.0759888,
-0.0772095,
-0.0762939,
-0.072937,
-0.0723267,
-0.0701904,
-0.105896,
-0.166626,
-0.0326538,
0.490417,
1.02112,
0.769348,
0.251465,
0.0436401,
0.015564,
-0.00671387,
-0.0241089,
-0.0317383,
-0.0253296,
-0.0170898,
-0.0161743,
-0.00457764,
0.0125122,
0.0299072,
0.0445557,
0.0650024,
0.0973511,
0.136719,
0.180054,
0.222168,
0.258484,
0.292664,
0.292969,
0.248108,
0.153809,
0.0494385,
-0.0286865,
-0.0759888,
-0.100708,
-0.112915,
-0.110168,
-0.106201,
-0.103455,
-0.10376,
-0.0979614,
-0.0915527,
-0.0872803,
-0.0811768,
-0.0784302,
-0.0775146,
-0.0744629,
-0.0720215,
-0.0759888,
-0.0747681,
-0.0708008,
-0.0424194,
-0.0106812,
-0.0125122,
-0.0100708,
0.0213623,
0.0234985,
-0.0408936,
-0.0967407,
-0.114136,
-0.128174,
-0.126038,
-0.12207,
-0.128784,
-0.13031,
-0.123596,
-0.115662,
-0.119629,
-0.178528,
-0.205383,
0.0286865,
0.629883,
0.98053,
0.55542,
0.107117,
-0.020752,
-0.032959,
-0.0540161,
-0.0741577,
-0.0802612,
-0.0714111,
-0.0585938,
-0.0473022,
-0.0338745,
-0.0204468,
0.00335693,
0.0143433,
0.0317383,
0.0720215,
0.115051,
0.157166,
0.200195,
0.236511,
0.261536,
0.261536,
0.190735,
0.0845337,
-0.00976563,
-0.0759888,
-0.113525,
-0.129089,
-0.135193,
-0.139771,
-0.140076,
-0.135193,
-0.126343,
-0.12207,
-0.122986,
-0.114746,
-0.110779,
-0.107117,
-0.101318,
-0.101013,
-0.0952148,
-0.0909424,
-0.0845337,
-0.0524902,
-0.0289917,
-0.032959,
-0.0143433,
0.00549316,
-0.0128174,
-0.0848389,
-0.126953,
-0.138245,
-0.140076,
-0.142517,
-0.150452,
-0.148315,
-0.149841,
-0.14801,
-0.137329,
-0.154114,
-0.228577,
-0.180969,
0.20874,
0.853577,
0.882263,
0.332642,
0.0115967,
-0.0469971,
-0.062561,
-0.0888062,
-0.0946045,
-0.100403,
-0.090332,
-0.0790405,
-0.0695801,
-0.06073,
-0.0411987,
-0.0222778,
-0.00274658,
0.0268555,
0.0601196,
0.0994873,
0.149841,
0.196533,
0.22522,
0.232239,
0.20813,
0.128784,
0.0256348,
-0.0582886,
-0.108643,
-0.141907,
-0.159302,
-0.15625,
-0.154114,
-0.150452,
-0.148315,
-0.142212,
-0.135803,
-0.132141,
-0.125427,
-0.124512,
-0.117493,
-0.111694,
-0.105286,
-0.106812,
-0.113525,
-0.11322,
-0.115662,
-0.116882,
-0.116577,
-0.107727,
-0.0628662,
-0.0305176,
-0.0384521,
-0.00823975,
0.00457764,
-0.0427246,
-0.113525,
-0.135803,
-0.141296,
-0.143127,
-0.153198,
-0.153503,
-0.145569,
-0.143738,
-0.141907,
-0.138245,
-0.160828,
-0.228271,
-0.135193,
0.333557,
0.907593,
0.749207,
0.218811,
-0.0115967,
-0.0445557,
-0.0628662,
-0.0900269,
-0.102844,
-0.090332,
-0.0759888,
-0.0769043,
-0.0656128,
-0.0445557,
-0.0344849,
-0.0167847,
0.0088501,
0.0375366,
0.0756836,
0.119934,
0.161133,
0.200195,
0.238953,
0.252991,
0.205383,
0.117798,
0.0186157,
-0.0759888,
-0.13092,
-0.155029,
-0.168152,
-0.170593,
-0.176392,
-0.170898,
-0.168762,
-0.161743,
-0.154419,
-0.149841,
-0.142212,
-0.144043,
-0.134277,
-0.130615,
-0.128784,
-0.129395,
-0.133362,
-0.13092,
-0.131226,
-0.133972,
-0.106506,
-0.0689697,
-0.0701904,
-0.0512695,
-0.0186157,
-0.0408936,
-0.111084,
-0.154114,
-0.169678,
-0.177002,
-0.169678,
-0.173035,
-0.180969,
-0.174255,
-0.168152,
-0.167847,
-0.167542,
-0.22644,
-0.233459,
0.0592041,
0.681152,
0.894165,
0.371399,
0.0131226,
-0.0708008,
-0.0958252,
-0.103149,
-0.114136,
-0.116882,
-0.110168,
-0.0930786,
-0.0808716,
-0.0723267,
-0.0485229,
-0.0311279,
-0.0106812,
0.0180054,
0.0549316,
0.0946045,
0.13916,
0.183411,
0.21698,
0.238037,
0.221558,
0.157776,
0.0509644,
-0.0558472,
-0.116577,
-0.157471,
-0.174561,
-0.180664,
-0.184631,
-0.180664,
-0.174866,
-0.173645,
-0.165405,
-0.162354,
-0.15686,
-0.149536,
-0.145569,
-0.142822,
-0.136414,
-0.131531,
-0.135803,
-0.133667,
-0.129089,
-0.133972,
-0.121765,
-0.0830078,
-0.0671387,
-0.0561523,
-0.0274658,
-0.0158691,
-0.0576782,
-0.124817,
-0.16571,
-0.171204,
-0.158997,
-0.161743,
-0.169983,
-0.167236,
-0.159607,
-0.157776,
-0.157776,
-0.18219,
-0.242615,
-0.102539,
0.404663,
0.929565,
0.651855,
0.117188,
-0.0305176,
-0.0701904,
-0.0842285,
-0.0912476,
-0.107727,
-0.102539,
-0.0799561,
-0.0738525,
-0.0680542,
-0.0473022,
-0.0195313,
-0.0115967,
0.0204468,
0.0643921,
0.0924683,
0.137329,
0.19165,
0.22644,
0.260925,
0.270081,
0.211792,
0.11261,
0.0140381,
-0.0616455,
-0.12146,
-0.154419,
-0.15564,
-0.161133,
-0.162048,
-0.152588,
-0.151062,
-0.152588,
-0.143433,
-0.134888,
-0.126343,
-0.111694,
-0.107117,
-0.108032,
-0.105896,
-0.0982666,
-0.0964355,
-0.0927734,
-0.0750732,
-0.0341797,
-0.0289917,
-0.0265503,
0.0131226,
0.0247192,
-0.0268555,
-0.0836182,
-0.11261,
-0.126038,
-0.131226,
-0.128479,
-0.133057,
-0.131226,
-0.129395,
-0.125427,
-0.115051,
-0.145569,
-0.204163,
-0.06073,
0.48645,
1.01227,
0.703735,
0.15686,
-0.00823975,
-0.0326538,
-0.0387573,
-0.0546265,
-0.0650024,
-0.062561,
-0.0524902,
-0.0384521,
-0.0311279,
-0.0192261,
0.00152588,
0.0305176,
0.0546265,
0.0842285,
0.123596,
0.169678,
0.214233,
0.255737,
0.283203,
0.278015,
0.233154,
0.137634,
0.0283813,
-0.0561523,
-0.103149,
-0.125122,
-0.13092,
-0.138855,
-0.141907,
-0.139771,
-0.133057,
-0.119019,
-0.113525,
-0.119019,
-0.109558,
-0.0979614,
-0.0946045,
-0.0891113,
-0.0912476,
-0.0827026,
-0.0735474,
-0.0765991,
-0.0802612,
-0.0695801,
-0.0601196,
-0.0286865,
-0.0100708,
-0.0109863,
0.0201416,
0.0357056,
-0.0164795,
-0.0772095,
-0.10437,
-0.114136,
-0.122375,
-0.124207,
-0.124512,
-0.123291,
-0.118713,
-0.107727,
-0.106201,
-0.146484,
-0.203247,
-0.0628662,
0.4599,
1.00372,
0.733032,
0.185547,
0.00244141,
-0.0265503,
-0.0476074,
-0.0674438,
-0.0744629,
-0.065918,
-0.0619507,
-0.0527954,
-0.0390625,
-0.0259399,
-0.0140381,
0.00732422,
0.0332642,
0.0662231,
0.103455,
0.143433,
0.192871,
0.23468,
0.262756,
0.267029,
0.220642,
0.121155,
0.0167847,
-0.0631714,
-0.114136,
-0.137634,
-0.151062,
-0.153503,
-0.144348,
-0.137939,
-0.137329,
-0.136414,
-0.124817,
-0.119324,
-0.12085,
-0.119934,
-0.104065,
-0.101929,
-0.0973511,
-0.0979614,
-0.0982666,
-0.0897217,
-0.0976563,
-0.105286,
-0.10376,
-0.101318,
-0.102539,
-0.114441,
-0.10437,
-0.0790405,
-0.0424194,
-0.0201416,
-0.0195313,
0.00579834,
0.0170898,
-0.0366211,
-0.101929,
-0.119934,
-0.131531,
-0.137024,
-0.137939,
-0.137329,
-0.142212,
-0.134888,
-0.1297,
-0.134888,
-0.168762,
-0.224915,
-0.0961304,
0.420227,
0.98999,
0.776672,
0.209656,
-0.0146484,
-0.0372314,
-0.0674438,
-0.0854492,
-0.0918579,
-0.0952148,
-0.0924683,
-0.0778198,
-0.0588989,
-0.0546265,
-0.0375366,
-0.0146484,
0.00793457,
0.0344849,
0.0650024,
0.115356,
0.166016,
0.209961,
0.239868,
0.251465,
0.222473,
0.132446,
0.0201416,
-0.0683594,
-0.120239,
-0.147705,
-0.159607,
-0.159607,
-0.156555,
-0.157166,
-0.150146,
-0.147095,
-0.141602,
-0.134888,
-0.139465,
-0.13031,
-0.12146,
-0.12085,
-0.116272,
-0.114136,
-0.116577,
-0.118408,
-0.120544,
-0.113831,
-0.122681,
-0.125732,
-0.124207,
-0.126343,
-0.123291,
-0.122375,
-0.117188,
-0.0915527,
-0.0427246,
-0.0253296,
-0.0302124,
0.0012207,
0.00488281,
-0.0476074,
-0.111084,
-0.126343,
-0.13031,
-0.13916,
-0.135803,
-0.132446,
-0.132141,
-0.13031,
-0.133057,
-0.126648,
-0.158386,
-0.223999,
-0.0994873,
0.407715,
0.979309,
0.779724,
0.22583,
0.00152588,
-0.0238037,
-0.0512695,
-0.0830078,
-0.0891113,
-0.0860596,
-0.071106,
-0.057373,
-0.045166,
-0.0332642,
-0.0216675,
0,
0.0256348,
0.0598145,
0.0921631,
0.140991,
0.186462,
0.232849,
0.265808,
0.283813,
0.252075,
0.163879,
0.0543213,
-0.0320435,
-0.0872803,
-0.114136,
-0.124207,
-0.127563,
-0.121155,
-0.121155,
-0.115356,
-0.108032,
-0.102844,
-0.098877,
-0.09552,
-0.0848389,
-0.0762939,
-0.0744629,
-0.0753784,
-0.0741577,
-0.0753784,
-0.0775146,
-0.072937,
-0.0680542,
-0.0701904,
-0.0680542,
-0.0640869,
-0.0680542,
-0.0650024,
-0.0637817,
-0.0628662,
-0.0537109,
-0.0564575,
-0.0436401,
-0.00915527,
0.0372314,
0.0494385,
0.0592041,
0.0762939,
0.0759888,
0.0296021,
-0.0195313,
-0.0442505,
-0.0491333,
-0.0479126,
-0.0460815,
-0.0473022,
-0.0463867,
-0.0460815,
-0.0378418,
-0.0338745,
-0.0738525,
-0.133362,
0.0140381,
0.549927,
1.0788,
0.830994,
0.304871,
0.090332,
0.0613403,
0.0332642,
0.00823975,
0.00366211,
0.00976563,
0.015564,
0.0292969,
0.0424194,
0.0454712,
0.067749,
0.0854492,
0.106506,
0.13855,
0.178833,
0.220947,
0.263367,
0.303345,
0.33783,
0.354614,
0.327759,
0.239868,
0.128784,
0.0393677,
-0.0201416,
-0.0524902,
-0.0680542,
-0.0656128,
-0.062561,
-0.0604248,
-0.067749,
-0.0650024,
-0.0521851,
-0.0552368,
-0.0460815,
-0.0402832,
-0.0415039,
-0.0363159,
-0.0305176,
-0.0366211,
-0.0421143,
-0.0390625,
-0.0354004,
-0.0393677,
-0.045166,
-0.045166,
-0.0466919,
-0.0457764,
-0.0476074,
-0.0466919,
-0.0149536,
0.0375366,
0.0460815,
0.0500488,
0.0714111,
0.0680542,
0.00305176,
-0.0534058,
-0.0613403,
-0.0796509,
-0.0817871,
-0.0805664,
-0.0778198,
-0.0796509,
-0.0775146,
-0.0741577,
-0.0778198,
-0.129395,
-0.180969,
-0.000610352,
0.573425,
1.02478,
0.675049,
0.187988,
0.0234985,
0.00274658,
-0.0296021,
-0.0509644,
-0.0558472,
-0.055542,
-0.0466919,
-0.0326538,
-0.0189209,
-0.00732422,
0.00152588,
0.0195313,
0.0439453,
0.071106,
0.112305,
0.146484,
0.198364,
0.24231,
0.266724,
0.274963,
0.225525,
0.133667,
0.0268555,
-0.0585938,
-0.109558,
-0.133057,
-0.138245,
-0.147705,
-0.146484,
-0.144043,
-0.146179,
-0.142517,
-0.133362,
-0.130615,
-0.1297,
-0.122986,
-0.118713,
-0.122375,
-0.123901,
-0.117188,
-0.120544,
-0.118408,
-0.119629,
-0.128479,
-0.125427,
-0.127258,
-0.13031,
-0.128479,
-0.126343,
-0.118103,
-0.101013,
-0.0576782,
-0.0363159,
-0.0387573,
-0.0128174,
-0.00823975,
-0.062561,
-0.125122,
-0.139465,
-0.149231,
-0.155029,
-0.155945,
-0.155945,
-0.152588,
-0.1474,
-0.152588,
-0.152588,
-0.184326,
-0.246277,
-0.12085,
0.39032,
0.938721,
0.709534,
0.184631,
-0.0311279,
-0.062561,
-0.0891113,
-0.108643,
-0.115051,
-0.117798,
-0.108032,
-0.09552,
-0.090332,
-0.0769043,
-0.0506592,
-0.0335693,
-0.017395,
0.0125122,
0.0479126,
0.0939941,
0.143127,
0.180054,
0.214844,
0.227661,
0.203552,
0.126038,
0.0137329,
-0.0747681,
-0.128784,
-0.160217,
-0.178528,
-0.1828,
-0.182495,
-0.180054,
-0.167542,
-0.162354,
-0.161438,
-0.161133,
-0.155029,
-0.151062,
-0.142822,
-0.140686,
-0.140076,
-0.134583,
-0.133972,
-0.137329,
-0.137939,
-0.138855,
-0.139465,
-0.140991,
-0.106201,
-0.0643921,
-0.0680542,
-0.0497437,
-0.0164795,
-0.0265503,
-0.0979614,
-0.145569,
-0.157776,
-0.168762,
-0.174866,
-0.169373,
-0.171204,
-0.174866,
-0.164185,
-0.159607,
-0.168152,
-0.230103,
-0.247192,
0.00701904,
0.610046,
0.904846,
0.455322,
0.0396729,
-0.0613403,
-0.0735474,
-0.106201,
-0.122986,
-0.122375,
-0.114441,
-0.105896,
-0.0961304,
-0.0857544,
-0.0708008,
-0.0494385,
-0.0332642,
-0.00823975,
0.0244141,
0.0683594,
0.106506,
0.153809,
0.187378,
0.215149,
0.225525,
0.166016,
0.0610352,
-0.0415039,
-0.121155,
-0.16571,
-0.183105,
-0.187073,
-0.195618,
-0.193481,
-0.183716,
-0.184937,
-0.176086,
-0.172729,
-0.166016,
-0.159607,
-0.157471,
-0.152283,
-0.1474,
-0.144958,
-0.147095,
-0.145874,
-0.14679,
-0.151672,
-0.15625,
-0.145569,
-0.133667,
-0.0982666,
-0.0650024,
-0.0650024,
-0.0396729,
-0.0161743,
-0.0485229,
-0.122375,
-0.150757,
-0.164795,
-0.175171,
-0.171509,
-0.16449,
-0.173035,
-0.1651,
-0.159912,
-0.159302,
-0.184937,
-0.256348,
-0.180664,
0.265503,
0.853271,
0.739441,
0.214539,
-0.0323486,
-0.0692749,
-0.0830078,
-0.112915,
-0.115051,
-0.11322,
-0.110779,
-0.102539,
-0.0912476,
-0.0811768,
-0.0616455,
-0.0366211,
-0.0186157,
0.00793457,
0.0421143,
0.0875854,
0.130615,
0.167542,
0.206604,
0.224304,
0.197144,
0.12085,
0.00976563,
-0.0817871,
-0.13092,
-0.166626,
-0.177612,
-0.178223,
-0.175476,
-0.17395,
-0.178833,
-0.175476,
-0.160217,
-0.151367,
-0.152893,
-0.144958,
-0.140991,
-0.137939,
-0.136414,
-0.135803,
-0.136719,
-0.136719,
-0.131531,
-0.12207,
-0.0888062,
-0.0689697,
-0.0662231,
-0.0363159,
-0.0134277,
-0.0460815,
-0.114441,
-0.152283,
-0.160217,
-0.160828,
-0.163269,
-0.162964,
-0.162048,
-0.160217,
-0.157166,
-0.148315,
-0.166931,
-0.229492,
-0.157166,
0.271606,
0.861206,
0.762634,
0.221252,
-0.0289917,
-0.0628662,
-0.0701904,
-0.0909424,
-0.102844,
-0.100098,
-0.0854492,
-0.0720215,
-0.0704956,
-0.0537109,
-0.0335693,
-0.0161743,
0.00640869,
0.0369263,
0.0708008,
0.111084,
0.161438,
0.19989,
0.23407,
0.255127,
0.224915,
0.143127,
0.0323486,
-0.0543213,
-0.108643,
-0.141907,
-0.149231,
-0.154114,
-0.159302,
-0.151672,
-0.153503,
-0.147705,
-0.140686,
-0.132751,
-0.127869,
-0.126343,
-0.110474,
-0.116272,
-0.116577,
-0.115356,
-0.117493,
-0.11261,
-0.101929,
-0.0668335,
-0.0448608,
-0.0476074,
-0.0247192,
0.00335693,
-0.0256348,
-0.103149,
-0.138855,
-0.143433,
-0.149841,
-0.154114,
-0.151672,
-0.149231,
-0.147705,
-0.144348,
-0.140381,
-0.167847,
-0.225525,
-0.149841,
0.278015,
0.870972,
0.775452,
0.239258,
-0.0222778,
-0.0585938,
-0.0662231,
-0.0839233,
-0.100403,
-0.0979614,
-0.0891113,
-0.0802612,
-0.0689697,
-0.057373,
-0.0344849,
-0.0170898,
0.00701904,
0.0357056,
0.0701904,
0.114746,
0.156555,
0.201111,
0.231018,
0.241394,
0.21759,
0.1297,
0.0265503,
-0.0598145,
-0.111389,
-0.140686,
-0.150452,
-0.157471,
-0.159302,
-0.152588,
-0.151367,
-0.143738,
-0.132446,
-0.128784,
-0.126648,
-0.115356,
-0.115662,
-0.115356,
-0.110474,
-0.108337,
-0.109253,
-0.107727,
-0.105896,
-0.0869751,
-0.0558472,
-0.039978,
-0.038147,
-0.00488281,
0.00488281,
-0.0460815,
-0.106506,
-0.131531,
-0.138855,
-0.145569,
-0.141602,
-0.142212,
-0.142212,
-0.140381,
-0.135498,
-0.132446,
-0.171814,
-0.221558,
-0.0570679,
0.490417,
0.946045,
0.618591,
0.135498,
-0.0262451,
-0.0442505,
-0.0585938,
-0.0796509,
-0.085144,
-0.0866699,
-0.0753784,
-0.0640869,
-0.055542,
-0.03479,
-0.0137329,
-0.000305176,
0.0256348,
0.0588989,
0.0909424,
0.136414,
0.18158,
0.218506,
0.245667,
0.257263,
0.211792,
0.105286,
0.00854492,
-0.0735474,
-0.116882,
-0.130615,
-0.144043,
-0.145569,
-0.143433,
-0.14679,
-0.140381,
-0.132751,
-0.128479,
-0.11261,
-0.109253,
-0.112,
-0.101318,
-0.0973511,
-0.101013,
-0.101013,
-0.0973511,
-0.0762939,
-0.03479,
-0.0289917,
-0.0259399,
0.00610352,
0.00335693,
-0.0619507,
-0.109863,
-0.132446,
-0.140991,
-0.127869,
-0.138855,
-0.140381,
-0.141296,
-0.128479,
-0.119324,
-0.132751,
-0.195007,
-0.197754,
0.0741577,
0.696106,
0.966187,
0.480347,
0.0744629,
-0.0335693,
-0.0442505,
-0.0671387,
-0.0891113,
-0.0872803,
-0.0793457,
-0.0640869,
-0.055542,
-0.0448608,
-0.032959,
-0.012207,
0.00793457,
0.0268555,
0.0692749,
0.105896,
0.149841,
0.195618,
0.229492,
0.25177,
0.242004,
0.178528,
0.067749,
-0.0186157,
-0.0784302,
-0.122986,
-0.135498,
-0.137024,
-0.133057,
-0.136108,
-0.136719,
-0.125427,
-0.121765,
-0.117798,
-0.110168,
-0.101013,
-0.0964355,
-0.0964355,
-0.09552,
-0.093689,
-0.0958252,
-0.0982666,
-0.0894165,
-0.0759888,
-0.0378418,
-0.0274658,
-0.0250244,
0.00579834,
0.0210571,
-0.0354004,
-0.100708,
-0.120544,
-0.136719,
-0.142517,
-0.138855,
-0.13855,
-0.133667,
-0.133667,
-0.133667,
-0.133972,
-0.177612,
-0.222473,
-0.0634766,
0.476379,
0.949402,
0.638123,
0.148926,
-0.020752,
-0.0393677,
-0.0619507,
-0.0848389,
-0.0900269,
-0.0845337,
-0.0747681,
-0.0643921,
-0.0515747,
-0.039978,
-0.0189209,
-0.00396729,
0.017395,
0.0466919,
0.0915527,
0.137939,
0.171814,
0.218811,
0.243835,
0.24231,
0.197449,
0.105591,
0.00213623,
-0.0805664,
-0.125122,
-0.139771,
-0.157776,
-0.155029,
-0.158386,
-0.161743,
-0.149841,
-0.146179,
-0.133057,
-0.125122,
-0.123901,
-0.125122,
-0.125427,
-0.116882,
-0.112915,
-0.109863,
-0.113525,
-0.110779,
-0.107422,
-0.0762939,
-0.0521851,
-0.0482178,
-0.0164795,
0.00976563,
-0.0256348,
-0.104675,
-0.139465,
-0.145569,
-0.151367,
-0.152588,
-0.157166,
-0.153809,
-0.150146,
-0.150452,
-0.150757,
-0.166931,
-0.231934,
-0.169373,
0.238037,
0.856934,
0.794678,
0.235291,
-0.0158691,
-0.0701904,
-0.0888062,
-0.100098,
-0.105591,
-0.105896,
-0.101624,
-0.0891113,
-0.0793457,
-0.0680542,
-0.0527954,
-0.0180054,
0.00915527,
0.0302124,
0.0656128,
0.110474,
0.15686,
0.195618,
0.219727,
0.238342,
0.215149,
0.127258,
0.0170898,
-0.0650024,
-0.123901,
-0.155334,
-0.164185,
-0.172424,
-0.177002,
-0.176697,
-0.167236,
-0.155334,
-0.151978,
-0.152893,
-0.144653,
-0.135803,
-0.131226,
-0.123901,
-0.126648,
-0.121765,
-0.117493,
-0.0900269,
-0.0537109,
-0.0466919,
-0.0360107,
-0.012207,
-0.0161743,
-0.0772095,
-0.130005,
-0.152893,
-0.157776,
-0.152588,
-0.162048,
-0.160828,
-0.149231,
-0.151978,
-0.152893,
-0.152893,
-0.211792,
-0.219421,
0.0958252,
0.721436,
0.928345,
0.397034,
0.0204468,
-0.050354,
-0.0787354,
-0.0848389,
-0.0967407,
-0.101624,
-0.0982666,
-0.0827026,
-0.0668335,
-0.06073,
-0.0460815,
-0.0170898,
0.00549316,
0.0302124,
0.0610352,
0.101929,
0.160217,
0.202637,
0.23407,
0.260315,
0.252686,
0.183411,
0.0802612,
-0.0115967,
-0.0674438,
-0.105286,
-0.125427,
-0.13031,
-0.135193,
-0.140686,
-0.132751,
-0.121155,
-0.121155,
-0.113525,
-0.113525,
-0.10376,
-0.0985718,
-0.0982666,
-0.0982666,
-0.0869751,
-0.0692749,
-0.0427246,
-0.038147,
-0.0292969,
0.00244141,
0.0146484,
-0.0396729,
-0.110474,
-0.142822,
-0.159302,
-0.148315,
-0.14679,
-0.155029,
-0.163574,
-0.155029,
-0.145874,
-0.153809,
-0.195313,
-0.238647,
-0.0204468,
0.584106,
0.99823,
