-0.119019,
-0.107422,
-0.0283813,
-0.098877,
-0.148621,
-0.163574,
0.69458,
-0.0823975,
-0.032959,
0.0671387,
0.232544,
-0.123596,
-0.166016,
-0.144348,
-0.115662,
-0.115967,
-0.010376,
-0.137024,
-0.137024,
-0.172119,
0.0311279,
-0.0772095,
-0.015564,
0.14679,
0.187988,
-0.149231,
-0.150452,
-0.119324,
-0.106201,
-0.0308228,
-0.0680542,
-0.139771,
-0.136108,
0.954285,
-0.0622559,
-0.0479126,
0.0512695,
0.242615,
-0.0790405,
-0.157776,
-0.137634,
-0.108032,
-0.100403,
0.00213623,
-0.137634,
-0.127563,
-0.113525,
0.0100708,
-0.0735474,
-0.00671387,
0.161438,
0.172729,
-0.140076,
-0.131531,
-0.102234,
-0.0930786,
0.0012207,
-0.115967,
-0.124207,
-0.187988,
0.0756836,
-0.065918,
-0.0088501,
0.1474,
0.197754,
-0.136108,
-0.136108,
-0.105591,
-0.0946045,
-0.0357056,
-0.0167847,
-0.128784,
-0.119629,
0.924683,
-0.0442505,
-0.0494385,
0.0396729,
0.233765,
-0.0314331,
-0.1474,
-0.122375,
-0.102539,
-0.0271606,
-0.0424194,
-0.135193,
-0.123901,
0.995789,
-0.0454712,
-0.0424194,
0.0463867,
0.242004,
-0.0491333,
-0.144653,
-0.117493,
-0.0961304,
-0.0323486,
-0.0369263,
-0.130005,
-0.128479,
0.990295,
-0.0546265,
-0.0549316,
0.0488281,
0.239868,
-0.0445557,
-0.155945,
-0.130615,
-0.101013,
-0.00549316,
-0.135803,
-0.138245,
-0.165405,
0.0344849,
-0.0689697,
0.000305176,
0.153198,
0.184326,
-0.134583,
-0.133057,
-0.105286,
-0.0192261,
-0.083313,
-0.126648,
-0.166626,
0.56488,
-0.0686646,
-0.0112915,
0.108643,
0.260925,
-0.0857544,
-0.119934,
-0.0888062,
-0.00549316,
0.0115967,
-0.109558,
-0.0994873,
1.08124,
-0.0289917,
-0.0323486,
0.0726318,
0.257568,
-0.038147,
-0.123596,
-0.0958252,
-0.0704956,
0.0143433,
-0.0985718,
-0.110168,
-0.198364,
0.153198,
-0.0491333,
0.0167847,
0.169678,
0.247498,
-0.0976563,
-0.101318,
-0.0790405,
-0.050354,
-0.0521851,
0.0518799,
-0.0909424,
-0.0869751,
-0.010376,
0.0357056,
-0.0427246,
0.0292969,
0.205383,
0.172119,
-0.12146,
-0.115356,
-0.0909424,
-0.0723267,
-0.078125,
0.00213623,
-0.0161743,
-0.0946045,
-0.0866699,
1.02478,
-0.020752,
-0.0238037,
0.0604248,
0.270996,
-0.0192261,
-0.132751,
-0.111389,
-0.0912476,
-0.0799561,
-0.0875854,
0.00823975,
-0.0949097,
-0.108948,
-0.189819,
0.32196,
-0.0561523,
-0.00183105,
0.133362,
0.28717,
-0.112,
-0.133057,
-0.10498,
-0.0827026,
-0.0881958,
-0.00152588,
-0.0793457,
-0.111084,
-0.138245,
0.766907,
-0.0537109,
-0.022583,
0.0881958,
0.291748,
-0.0839233,
-0.144043,
-0.12085,
-0.09552,
-0.0946045,
-0.0140381,
-0.078125,
-0.114441,
-0.135803,
0.794678,
-0.0595093,
-0.0317383,
0.0888062,
0.289917,
-0.0765991,
-0.141296,
-0.119019,
-0.0961304,
-0.0830078,
0.0292969,
-0.12085,
-0.118103,
0.0747681,
-0.00823975,
-0.0570679,
0.0195313,
0.204468,
0.158081,
-0.131226,
-0.132141,
-0.104065,
-0.0912476,
-0.0186157,
-0.0805664,
-0.116272,
-0.157166,
0.692444,
-0.0640869,
-0.0274658,
0.0906372,
0.284729,
-0.0866699,
-0.144958,
-0.116272,
-0.0952148,
-0.0271606,
-0.0564575,
-0.126038,
-0.125122,
0.942993,
-0.055542,
-0.0424194,
0.0588989,
0.261841,
-0.0549316,
-0.150757,
-0.124817,
-0.0997925,
-0.0268555,
-0.0897217,
-0.128479,
-0.155029,
0.752869,
-0.0683594,
-0.0332642,
0.0698853,
0.266724,
-0.083313,
-0.136108,
-0.110168,
-0.085144,
-0.0100708,
-0.116272,
-0.123596,
-0.212097,
0.109863,
-0.0744629,
-0.0180054,
0.127258,
0.224609,
-0.132751,
-0.134888,
-0.107117,
-0.0933838,
-0.00488281,
-0.133667,
-0.139465,
-0.177917,
0.0305176,
-0.0830078,
-0.0259399,
0.126648,
0.20813,
-0.13916,
-0.144348,
-0.110168,
-0.0772095,
0.0088501,
-0.142212,
-0.138245,
0.620117,
-0.0469971,
-0.0741577,
0.0180054,
0.206299,
0.0405884,
-0.149231,
-0.132751,
-0.0994873,
-0.0430298,
-0.0994873,
-0.144043,
-0.181274,
0.662537,
-0.0775146,
-0.0473022,
0.0689697,
0.244446,
-0.0967407,
-0.153503,
-0.119934,
-0.0942993,
0.015564,
-0.141907,
-0.134583,
-0.0454712,
-0.00854492,
-0.0689697,
-0.00183105,
0.160522,
0.166626,
-0.150146,
-0.135803,
-0.102234,
-0.0894165,
-0.0137329,
-0.09552,
-0.123291,
-0.184631,
0.546265,
-0.065918,
-0.022583,
0.0946045,
0.274963,
-0.0881958,
-0.132446,
-0.11261,
-0.0906372,
-0.0949097,
-0.0738525,
0.0366211,
-0.11261,
-0.111694,
0.155945,
0.00610352,
-0.062561,
0.00671387,
0.187073,
0.148315,
-0.143127,
-0.135193,
-0.100098,
-0.0985718,
-0.100403,
-0.101013,
0.000305176,
-0.0796509,
-0.108032,
-0.151062,
0.691528,
-0.0622559,
-0.0296021,
0.0784302,
0.283508,
-0.067749,
-0.126038,
-0.0939941,
-0.0686646,
-0.0741577,
-0.0686646,
-0.0167847,
0.0521851,
-0.083313,
-0.0805664,
0.621033,
0.00946045,
-0.0296021,
0.0405884,
0.232544,
0.107422,
-0.132751,
-0.124207,
-0.102234,
-0.0897217,
-0.0952148,
-0.0909424,
0.0140381,
-0.0869751,
-0.0933838,
-0.202942,
0.267639,
-0.057373,
-0.0106812,
0.117493,
0.287781,
-0.0967407,
-0.136719,
-0.108643,
-0.0836182,
-0.090332,
-0.0604248,
0.0436401,
-0.110779,
-0.0994873,
0.279541,
0.0100708,
-0.0454712,
0.0292969,
0.202637,
0.152588,
-0.136414,
-0.123901,
-0.100403,
-0.0869751,
-0.0320435,
-0.00793457,
-0.12146,
-0.109253,
0.915527,
-0.0177002,
-0.0357056,
0.0512695,
0.247803,
0.0241089,
-0.139771,
-0.119019,
-0.0939941,
-0.09552,
-0.088501,
0.0158691,
-0.0973511,
-0.107727,
-0.17334,
0.0915527,
-0.0476074,
0.00671387,
0.140686,
0.273743,
-0.105286,
-0.122986,
-0.0927734,
-0.0863647,
-0.0177002,
-0.0244141,
-0.116882,
-0.105896,
0.991516,
-0.0274658,
-0.0317383,
0.0540161,
0.261536,
0.00366211,
-0.131226,
-0.108337,
-0.0778198,
-0.0750732,
0.0317383,
-0.111389,
-0.11322,
-0.0952148,
0.0228882,
-0.0610352,
0.000915527,
0.157471,
0.233765,
-0.113831,
-0.115967,
-0.100098,
-0.0750732,
0.0244141,
-0.123901,
-0.122681,
-0.0134277,
0.00335693,
-0.0601196,
0.0201416,
0.179138,
0.187683,
-0.132141,
-0.127563,
-0.103455,
-0.0320435,
0.00671387,
-0.123901,
-0.109863,
0.975647,
-0.0436401,
-0.0518799,
0.0534058,
0.238342,
0.0238037,
-0.131836,
-0.108643,
-0.0808716,
-0.00701904,
-0.0115967,
-0.111389,
-0.113831,
1.01807,
-0.0271606,
-0.0259399,
0.0708008,
0.263977,
-0.00671387,
-0.114746,
-0.0930786,
-0.0640869,
-0.0585938,
0.0488281,
-0.0982666,
-0.100403,
-0.0088501,
0.0253296,
-0.0427246,
0.0195313,
0.181885,
0.191345,
-0.114746,
-0.108948,
-0.0857544,
-0.0738525,
-0.0784302,
0.0476074,
-0.105286,
-0.108032,
0.0518799,
0.0167847,
-0.0469971,
0.0189209,
0.193787,
0.190735,
-0.113831,
-0.0991821,
-0.0762939,
-0.072937,
-0.0701904,
0.027771,
-0.0854492,
-0.090332,
-0.182495,
0.328369,
-0.0393677,
0.00305176,
0.127869,
0.286865,
-0.0918579,
-0.119629,
-0.0894165,
-0.0753784,
-0.0772095,
0.0131226,
-0.0854492,
-0.101318,
-0.190735,
0.341187,
-0.0537109,
-0.00396729,
0.117493,
0.2771,
-0.0946045,
-0.126953,
-0.105591,
-0.0784302,
-0.0793457,
0.0350952,
-0.105286,
-0.102539,
-0.0671387,
0.032959,
-0.043335,
0.0112915,
0.183716,
0.204773,
-0.123596,
-0.11322,
-0.0927734,
-0.0744629,
-0.0762939,
0.0149536,
-0.0949097,
-0.101013,
-0.193481,
0.318909,
-0.050354,
-0.00701904,
0.117493,
0.280762,
-0.0823975,
-0.125732,
-0.0881958,
-0.065918,
-0.0613403,
0.0265503,
-0.0692749,
-0.0872803,
-0.137939,
0.606079,
-0.0344849,
-0.010376,
0.112305,
0.292358,
-0.0610352,
-0.126648,
-0.0961304,
-0.0726318,
-0.0796509,
0.00183105,
-0.0775146,
-0.110474,
-0.131531,
0.697632,
-0.0430298,
-0.0115967,
0.0912476,
0.289917,
-0.0778198,
-0.137634,
-0.112,
-0.0933838,
-0.0906372,
-0.000305176,
-0.115356,
-0.12207,
-0.176086,
0.0805664,
-0.0561523,
-0.000915527,
0.144653,
0.239868,
-0.120544,
-0.135498,
-0.0991821,
-0.0860596,
-0.0744629,
0.039978,
-0.116882,
-0.115967,
0.137329,
-0.00335693,
-0.0521851,
0.0125122,
0.184631,
0.146484,
-0.141602,
-0.137939,
-0.110474,
-0.0964355,
-0.0445557,
-0.000610352,
-0.12146,
-0.113831,
0.776978,
-0.0286865,
-0.0497437,
0.038147,
0.244446,
0.0576782,
-0.141296,
-0.133972,
-0.0961304,
-0.085144,
0.0314331,
-0.140076,
-0.128784,
0.155334,
-0.0311279,
-0.0756836,
0.000915527,
0.185547,
0.126343,
-0.162354,
-0.151367,
-0.110779,
-0.0900269,
0.00976563,
-0.138245,
-0.135193,
-0.102539,
0.000610352,
-0.0698853,
-0.00152588,
0.157776,
0.19928,
-0.135803,
-0.147705,
-0.107117,
-0.083313,
-0.0747681,
0.022583,
-0.109558,
-0.115967,
-0.137634,
0.0411987,
-0.062561,
0.00274658,
0.153809,
0.221558,
-0.127258,
-0.136108,
-0.0997925,
-0.0869751,
-0.0909424,
-0.00762939,
-0.0305176,
-0.109253,
-0.0976563,
1.01257,
-0.0311279,
-0.0442505,
0.0466919,
0.239258,
-0.000610352,
-0.133972,
-0.120239,
-0.093689,
-0.0915527,
-0.0918579,
-0.000305176,
-0.0921631,
-0.117798,
-0.171204,
0.568237,
-0.0628662,
-0.0189209,
0.0915527,
0.273438,
-0.0811768,
-0.139465,
-0.12146,
-0.0863647,
-0.0772095,
-0.0192261,
-0.0256348,
-0.123291,
-0.0985718,
0.954285,
-0.0363159,
-0.0436401,
0.0466919,
0.245972,
0.0137329,
-0.150146,
-0.117188,
-0.0860596,
-0.0875854,
-0.0408936,
0.0210571,
-0.118408,
-0.101624,
0.731201,
-0.0119019,
-0.0466919,
0.0323486,
0.226746,
0.0665283,
-0.124817,
-0.121765,
-0.0958252,
-0.0827026,
-0.0125122,
-0.00640869,
-0.104065,
-0.0933838,
0.963135,
-0.0128174,
-0.0210571,
0.0604248,
0.265503,
0.0314331,
-0.126343,
-0.109558,
-0.0762939,
-0.0747681,
0.0338745,
-0.112305,
-0.113831,
-0.136414,
0.0280762,
-0.0704956,
-0.00640869,
0.153198,
0.209045,
-0.141602,
-0.153809,
-0.122681,
-0.104675,
-0.00457764,
-0.137634,
-0.143127,
-0.145874,
0.00793457,
-0.0784302,
-0.0137329,
0.144958,
0.215149,
-0.13855,
-0.144958,
-0.125122,
-0.0653076,
0.0152588,
-0.137024,
-0.119629,
0.618896,
-0.0457764,
-0.0494385,
0.0344849,
0.222168,
0.0802612,
-0.129089,
-0.114136,
-0.088501,
-0.0601196,
0.0341797,
-0.117493,
-0.118713,
0.228271,
-0.0238037,
-0.057373,
0.0149536,
0.203552,
0.14679,
-0.133667,
-0.112305,
-0.0823975,
-0.065918,
-0.0595093,
0.065918,
-0.0720215,
-0.0708008,
-0.0488281,
0.0469971,
-0.0283813,
0.0280762,
0.188293,
0.253296,
-0.0912476,
-0.0982666,
-0.0732422,
-0.0628662,
-0.0631714,
-0.0244141,
0.0546265,
-0.0836182,
-0.0897217,
0.437012,
0.0198364,
-0.0415039,
0.0280762,
0.218506,
0.136719,
-0.124512,
-0.119019,
-0.0900269,
-0.0765991,
-0.0872803,
0.00640869,
-0.0793457,
-0.107727,
-0.137329,
0.835876,
-0.0595093,
-0.0360107,
0.0784302,
0.260925,
-0.0491333,
-0.131226,
-0.112,
-0.0827026,
-0.0842285,
-0.00732422,
-0.0878906,
-0.114136,
-0.145569,
0.748596,
-0.0650024,
-0.0350952,
0.0814819,
0.275574,
-0.0570679,
-0.129395,
-0.107727,
-0.0912476,
-0.0775146,
-0.0140381,
-0.0241089,
-0.107117,
-0.100708,
0.983276,
-0.0241089,
-0.0286865,
0.0531006,
0.254211,
0.0280762,
-0.126343,
-0.105591,
-0.0738525,
-0.0732422,
0.0137329,
-0.090332,
-0.106506,
-0.194397,
0.19989,
-0.0521851,
-0.00183105,
0.133667,
0.279236,
-0.0991821,
-0.123596,
-0.105896,
-0.0869751,
-0.0216675,
-0.0952148,
-0.128174,
-0.159912,
0.647583,
-0.0567627,
-0.0357056,
0.0787354,
0.255737,
-0.0790405,
-0.144958,
-0.125732,
-0.0915527,
-0.020752,
-0.126038,
-0.139771,
-0.219421,
0.148621,
-0.0732422,
-0.0268555,
0.108032,
0.245056,
-0.119019,
-0.150452,
-0.110779,
-0.0634766,
0.0238037,
-0.126953,
-0.118408,
0.566101,
-0.0280762,
-0.057373,
0.0311279,
0.201416,
0.0762939,
-0.132751,
-0.119324,
-0.0778198,
-0.0372314,
0.0344849,
-0.11261,
-0.0930786,
0.657654,
0.00427246,
-0.0357056,
0.0402832,
0.22583,
0.0714111,
-0.127258,
-0.105896,
-0.0827026,
-0.0750732,
0.0149536,
-0.0982666,
-0.112,
-0.195923,
0.157776,
-0.0527954,
-0.00579834,
0.123596,
0.239258,
-0.12146,
-0.136414,
-0.108032,
-0.088501,
-0.0396729,
-0.00244141,
-0.116272,
-0.106506,
0.82428,
-0.0140381,
-0.0448608,
0.0338745,
0.231018,
0.0411987,
-0.126343,
-0.112,
-0.0765991,
-0.0762939,
0.0210571,
-0.106201,
-0.106506,
-0.150146,
0.0650024,
-0.0534058,
0.00335693,
0.148621,
0.220947,
-0.121765,
-0.13031,
-0.0991821,
-0.0848389,
-0.0488281,
0.0167847,
-0.121765,
-0.114136,
0.67627,
-0.0152588,
-0.0512695,
0.0283813,
0.213623,
0.0601196,
-0.134277,
-0.119324,
-0.0952148,
-0.0750732,
0.0222778,
-0.141907,
-0.13031,
0.259094,
-0.0271606,
-0.0720215,
0.00274658,
0.179138,
0.102844,
-0.13916,
-0.133057,
-0.09552,
-0.0814819,
0.0210571,
-0.126953,
-0.120544,
0.0341797,
-0.012207,
-0.0653076,
0.00213623,
0.159912,
0.149536,
-0.133057,
-0.128174,
-0.10376,
-0.0540161,
0.00610352,
-0.127869,
-0.126343,
0.69519,
-0.038147,
-0.0662231,
0.0219727,
0.204468,
0.039978,
-0.133057,
-0.122375,
-0.0909424,
-0.0469971,
-0.00244141,
-0.122375,
-0.115356,
0.85083,
-0.0415039,
-0.0494385,
0.0280762,
0.215759,
0.0112915,
-0.140686,
-0.126343,
-0.108032,
-0.0250244,
-0.126038,
-0.152283,
-0.243225,
0.167236,
-0.0942993,
-0.0332642,
0.0939941,
0.216064,
-0.131226,
-0.160217,
-0.119629,
-0.083313,
0.0216675,
-0.143738,
-0.135803,
0.238342,
-0.0317383,
-0.0732422,
0.00915527,
0.182495,
0.116882,
-0.133972,
-0.135498,
-0.102844,
-0.072937,
0.0326538,
-0.121155,
-0.123291,
0.277405,
-0.0259399,
-0.0598145,
0.0146484,
0.199585,
0.114441,
-0.135498,
-0.123596,
-0.0891113,
-0.0875854,
-0.0579834,
0.0509644,
-0.108032,
-0.100708,
0.397034,
0.00518799,
-0.0418091,
0.0234985,
0.210266,
0.116577,
-0.1297,
-0.124207,
-0.0927734,
-0.0741577,
-0.0854492,
0.0161743,
-0.071106,
-0.106201,
-0.113831,
0.944214,
-0.0494385,
-0.0311279,
0.0674438,
0.267639,
-0.0463867,
-0.134277,
-0.126648,
-0.102234,
-0.0982666,
-0.0897217,
0.0286865,
-0.119629,
-0.116272,
-0.0445557,
0.020752,
-0.067749,
0.000305176,
0.167847,
0.184937,
-0.136414,
-0.140686,
-0.0915527,
-0.0805664,
-0.0939941,
0.00427246,
-0.0915527,
-0.109253,
-0.185242,
0.484924,
-0.0695801,
-0.0231934,
0.0860596,
0.279236,
-0.0900269,
-0.141602,
-0.118713,
-0.0927734,
-0.0942993,
-0.00915527,
-0.0827026,
-0.108948,
-0.140686,
0.722351,
-0.0592041,
-0.022583,
0.0894165,
0.281372,
-0.0640869,
-0.130615,
-0.105591,
-0.0811768,
-0.0796509,
0.0323486,
-0.11261,
-0.112305,
-0.0332642,
0.00274658,
-0.0509644,
0.0134277,
0.17334,
0.193176,
-0.132446,
-0.132446,
-0.100098,
-0.088501,
-0.0106812,
-0.0582886,
-0.126648,
-0.123596,
0.903625,
-0.0549316,
-0.0393677,
0.0631714,
0.254517,
-0.0387573,
-0.137634,
-0.113525,
-0.0866699,
-0.0161743,
-0.0805664,
-0.114441,
-0.140381,
0.774231,
-0.0585938,
-0.0256348,
0.0900269,
0.268555,
-0.0595093,
-0.132141,
-0.10376,
-0.0811768,
-0.0262451,
-0.00427246,
-0.105896,
-0.101624,
0.953064,
-0.0308228,
-0.0372314,
0.0527954,
0.232544,
0.00640869,
-0.132141,
-0.119934,
-0.0930786,
-0.0213623,
-0.0686646,
-0.126648,
-0.133667,
0.949402,
-0.0537109,
-0.0363159,
0.0582886,
0.244751,
-0.0421143,
-0.131836,
-0.107422,
-0.0790405,
-0.0741577,
0.0344849,
-0.110474,
-0.102539,
-0.0946045,
0.0402832,
-0.0512695,
0.00671387,
0.172119,
0.21759,
-0.119019,
-0.119324,
-0.0878906,
-0.0820923,
-0.00854492,
-0.0900269,
-0.112,
-0.174561,
0.593872,
-0.0396729,
0.00732422,
0.115662,
0.31311,
-0.0534058,
-0.108948,
-0.078125,
-0.0546265,
-0.0143433,
0.062561,
-0.0894165,
-0.0787354,
0.766907,
0.000610352,
-0.0146484,
0.0631714,
0.247498,
0.0686646,
-0.123596,
-0.113525,
-0.0848389,
-0.0793457,
0.00457764,
-0.0646973,
-0.119629,
-0.142822,
0.754089,
-0.0558472,
-0.0170898,
0.0946045,
0.290222,
-0.0631714,
-0.136719,
-0.102234,
-0.0799561,
-0.0796509,
-0.0802612,
0.0280762,
-0.088501,
-0.100098,
-0.166931,
0.116272,
-0.0543213,
0.0106812,
0.167542,
0.260315,
-0.111694,
-0.114136,
-0.111389,
-0.0695801,
-0.0839233,
-0.0552368,
0.0405884,
-0.098877,
-0.102844,
0.27832,
0,
-0.0521851,
0.0244141,
0.197754,
0.152588,
