0.0665283,
0.0787354,
0.122681,
0.177612,
0.263367,
0.300598,
0.259094,
0.0259399,
-0.0918579,
-0.124817,
-0.137634,
-0.140991,
-0.13031,
-0.132141,
-0.120544,
-0.128784,
-0.104065,
-0.0466919,
-0.0317383,
-0.0769043,
-0.1828,
-0.196533,
-0.209045,
-0.206909,
-0.212708,
-0.312805,
0.764465,
0.399475,
-0.0997925,
-0.177612,
-0.19989,
-0.173035,
-0.159912,
-0.123596,
-0.0643921,
0.0115967,
0.0912476,
0.114746,
-0.0283813,
-0.215759,
-0.296936,
-0.317078,
-0.299377,
-0.297241,
-0.283203,
-0.267639,
-0.265198,
-0.249023,
-0.221252,
-0.167236,
-0.13855,
-0.209656,
-0.306091,
-0.297241,
-0.309753,
-0.310059,
-0.32959,
-0.31311,
0.864258,
0.117493,
-0.180969,
-0.242615,
-0.249023,
-0.22583,
-0.198975,
-0.161438,
-0.0839233,
-0.0125122,
0.0790405,
0.0741577,
-0.0894165,
-0.272827,
-0.312805,
-0.32959,
-0.32196,
-0.294189,
-0.285645,
-0.270691,
-0.26123,
-0.257263,
-0.252075,
-0.220947,
-0.153809,
-0.123901,
-0.174561,
-0.26947,
-0.281677,
-0.284119,
-0.263672,
-0.272827,
-0.335693,
0.730896,
0.307007,
-0.122986,
-0.189209,
-0.195923,
-0.17395,
-0.141296,
-0.109253,
-0.0317383,
0.0457764,
0.130615,
0.160828,
0.0238037,
-0.178833,
-0.248718,
-0.266418,
-0.265808,
-0.238342,
-0.231018,
-0.211487,
-0.209656,
-0.195007,
-0.200806,
-0.196228,
-0.146484,
-0.100708,
-0.0561523,
-0.154114,
-0.221863,
-0.220642,
-0.228577,
-0.203247,
-0.235596,
-0.187988,
0.936584,
0.172424,
-0.0662231,
-0.126648,
-0.136719,
-0.108032,
-0.0753784,
-0.0274658,
0.0387573,
0.116882,
0.206909,
0.210266,
0.0411987,
-0.132751,
-0.201721,
-0.201416,
-0.193787,
-0.188599,
-0.164795,
-0.159912,
-0.150146,
-0.144043,
-0.145874,
-0.145874,
-0.109558,
-0.0378418,
-0.0128174,
-0.0454712,
-0.148621,
-0.15625,
-0.162964,
-0.144348,
-0.143433,
-0.245056,
0.632019,
0.584106,
0.000915527,
-0.0683594,
-0.0857544,
-0.0759888,
-0.043335,
-0.00579834,
0.0485229,
0.126343,
0.218506,
0.278015,
0.160522,
-0.050354,
-0.148315,
-0.172424,
-0.169983,
-0.158997,
-0.144043,
-0.124817,
-0.115967,
-0.119324,
-0.108948,
-0.107422,
-0.100098,
-0.0466919,
-0.00427246,
0.0283813,
-0.083313,
-0.140076,
-0.143433,
-0.126953,
-0.130615,
-0.174866,
-0.0354004,
1.04523,
0.152893,
-0.00732422,
-0.0643921,
-0.0686646,
-0.0372314,
-0.0149536,
0.0402832,
0.09552,
0.201721,
0.273438,
0.269775,
0.0741577,
-0.0820923,
-0.158081,
-0.159302,
-0.147095,
-0.141602,
-0.119934,
-0.117798,
-0.0994873,
-0.0970459,
-0.0918579,
-0.0994873,
-0.0897217,
-0.043335,
0.0222778,
0.0405884,
-0.0436401,
-0.11261,
-0.115967,
-0.116272,
-0.114136,
-0.127258,
-0.125732,
0.980835,
0.306396,
0.00610352,
-0.0460815,
-0.0534058,
-0.0378418,
0.00488281,
0.032959,
0.105286,
0.19165,
0.267639,
0.298157,
0.129089,
-0.0610352,
-0.133667,
-0.15625,
-0.146179,
-0.133057,
-0.125427,
-0.116882,
-0.0949097,
-0.0942993,
-0.0970459,
-0.100403,
-0.0909424,
-0.0558472,
0.0088501,
0.0421143,
-0.00915527,
-0.107422,
-0.117188,
-0.115967,
-0.111389,
-0.114136,
-0.198669,
0.722351,
0.566406,
0.0311279,
-0.0332642,
-0.0506592,
-0.0234985,
-0.000610352,
0.0415039,
0.0967407,
0.183105,
0.274048,
0.322571,
0.190735,
-0.0222778,
-0.119324,
-0.139771,
-0.141602,
-0.136414,
-0.115051,
-0.107727,
-0.0888062,
-0.0836182,
-0.0738525,
-0.0842285,
-0.0772095,
-0.0726318,
-0.0088501,
0.0238037,
0.0463867,
-0.0732422,
-0.116272,
-0.110168,
-0.114136,
-0.102234,
-0.177002,
0.0909424,
1.05225,
0.115662,
0.00427246,
-0.0494385,
-0.0421143,
-0.0268555,
0.0134277,
0.0619507,
0.128174,
0.226746,
0.308228,
0.284119,
0.0665283,
-0.0848389,
-0.13916,
-0.141907,
-0.13855,
-0.128479,
-0.119934,
-0.111694,
-0.0918579,
-0.0897217,
-0.0891113,
-0.0933838,
-0.0830078,
-0.0128174,
0.0143433,
0.0411987,
-0.0845337,
-0.118408,
-0.119934,
-0.117188,
-0.11261,
-0.176697,
0.0723267,
1.0434,
0.118713,
-0.00549316,
-0.0579834,
-0.0531006,
-0.0289917,
0.00549316,
0.0518799,
0.115967,
0.224915,
0.300293,
0.276794,
0.0595093,
-0.0961304,
-0.150452,
-0.145874,
-0.149536,
-0.137024,
-0.125122,
-0.112915,
-0.0973511,
-0.098877,
-0.09552,
-0.0994873,
-0.0952148,
-0.0482178,
0.00793457,
0.0360107,
-0.0296021,
-0.108337,
-0.119324,
-0.121155,
-0.107422,
-0.116577,
-0.179443,
0.865479,
0.436096,
0.03479,
-0.0430298,
-0.0430298,
-0.0314331,
0.00335693,
0.043335,
0.0964355,
0.180664,
0.285034,
0.325623,
0.179138,
-0.0457764,
-0.123901,
-0.142822,
-0.130615,
-0.134583,
-0.116272,
-0.10437,
-0.090332,
-0.0787354,
-0.0891113,
-0.0753784,
-0.0793457,
-0.039978,
0.0164795,
0.055542,
-0.0198364,
-0.0991821,
-0.105591,
-0.109863,
-0.104675,
-0.106506,
-0.180359,
0.816345,
0.520325,
0.039978,
-0.0219727,
-0.0372314,
-0.0158691,
0.012207,
0.0506592,
0.110474,
0.194092,
0.296021,
0.334778,
0.197754,
-0.010376,
-0.112305,
-0.13092,
-0.1297,
-0.127258,
-0.111389,
-0.0930786,
-0.090332,
-0.0836182,
-0.0836182,
-0.0750732,
-0.0744629,
-0.0543213,
0.0170898,
0.0402832,
0.00732422,
-0.0964355,
-0.113525,
-0.11322,
-0.101929,
-0.108337,
-0.205688,
0.628052,
0.671997,
0.0366211,
-0.0326538,
-0.0442505,
-0.0363159,
-0.0109863,
0.0292969,
0.0802612,
0.166931,
0.26001,
0.308838,
0.21698,
-0.0112915,
-0.131531,
-0.145569,
-0.15564,
-0.145874,
-0.135498,
-0.125427,
-0.109863,
-0.114441,
-0.0952148,
-0.106506,
-0.0854492,
-0.0244141,
0.00396729,
0.00366211,
-0.112915,
-0.142212,
-0.140991,
-0.137329,
-0.139465,
-0.227051,
0.298767,
0.882568,
0.027771,
-0.0485229,
-0.0796509,
-0.0714111,
-0.039978,
-0.00946045,
0.0418091,
0.117188,
0.219421,
0.293884,
0.237122,
0.0119019,
-0.134583,
-0.163269,
-0.16571,
-0.161743,
-0.153198,
-0.140381,
-0.124817,
-0.116882,
-0.116272,
-0.116577,
-0.10498,
-0.0283813,
-0.0140381,
0.0161743,
-0.108337,
-0.145264,
-0.139771,
-0.149231,
-0.131836,
-0.202026,
0.116577,
1.01166,
0.0704956,
-0.0411987,
-0.0765991,
-0.0695801,
-0.0476074,
-0.0143433,
0.0280762,
0.101013,
0.209961,
0.275269,
0.26001,
0.0384521,
-0.118103,
-0.163269,
-0.166321,
-0.164185,
-0.144348,
-0.139465,
-0.127563,
-0.118408,
-0.112915,
-0.0582886,
-0.0296021,
0.0170898,
-0.0869751,
-0.151978,
-0.1474,
-0.150757,
-0.144043,
-0.177612,
-0.112915,
1.03821,
0.215759,
-0.0674438,
-0.0814819,
-0.0860596,
-0.062561,
-0.0308228,
0.0177002,
0.0747681,
0.172729,
0.260315,
0.267334,
0.0875854,
-0.0973511,
-0.1651,
-0.167236,
-0.16571,
-0.172729,
-0.148926,
-0.130005,
-0.129395,
-0.122681,
-0.0576782,
-0.0405884,
0.0137329,
-0.106201,
-0.162354,
-0.160522,
-0.169983,
-0.141602,
-0.183716,
-0.0845337,
1.02661,
0.180664,
-0.088501,
-0.0787354,
-0.072937,
-0.0616455,
-0.0244141,
0.00701904,
0.083313,
0.165405,
0.247192,
0.254822,
0.0881958,
-0.0891113,
-0.154114,
-0.16571,
-0.166931,
-0.145569,
-0.142822,
-0.119324,
-0.118713,
-0.112305,
-0.0982666,
-0.0280762,
-0.00488281,
0.0164795,
-0.106506,
-0.140686,
-0.146179,
-0.147095,
-0.131531,
-0.214539,
0.126953,
1.04919,
0.0717163,
-0.039978,
-0.0827026,
-0.0640869,
-0.0421143,
-0.00915527,
0.0280762,
0.105591,
0.202637,
0.281677,
0.239868,
0.0192261,
-0.12085,
-0.168152,
-0.174866,
-0.157166,
-0.15686,
-0.135498,
-0.119324,
-0.110779,
-0.113831,
-0.112915,
-0.0808716,
-0.0216675,
0.0109863,
-0.0265503,
-0.127563,
-0.141602,
-0.143738,
-0.14801,
-0.132141,
-0.236206,
0.480042,
0.777893,
0.00823975,
-0.0445557,
-0.0750732,
-0.0567627,
-0.0314331,
0.00793457,
0.0537109,
0.136719,
0.240784,
0.292969,
0.216064,
-0.0253296,
-0.133362,
-0.172119,
-0.158997,
-0.152283,
-0.152588,
-0.13092,
-0.109253,
-0.110474,
-0.110779,
-0.107422,
-0.078125,
-0.0100708,
0.0088501,
-0.0247192,
-0.122986,
-0.147095,
-0.149536,
-0.14801,
-0.124207,
-0.256042,
0.528564,
0.715027,
0.00610352,
-0.0552368,
-0.0753784,
-0.0588989,
-0.0421143,
-0.0012207,
0.0531006,
0.13916,
0.23468,
0.295105,
0.19928,
-0.0317383,
-0.142822,
-0.16571,
-0.162964,
-0.161743,
-0.135803,
-0.135193,
-0.113525,
-0.119324,
-0.108948,
-0.11322,
-0.105896,
-0.0735474,
-0.00457764,
0.0167847,
-0.0436401,
-0.131836,
-0.157166,
-0.140381,
-0.136414,
-0.134888,
-0.235596,
0.732727,
0.519409,
-0.000610352,
-0.065918,
-0.0869751,
-0.0561523,
-0.0366211,
-0.00183105,
0.0631714,
0.145874,
0.241699,
0.300903,
0.169983,
-0.0485229,
-0.144348,
-0.167847,
-0.171814,
-0.155334,
-0.141296,
-0.138245,
-0.118103,
-0.111389,
-0.117188,
-0.110779,
-0.0976563,
-0.0177002,
0.00793457,
-0.00854492,
-0.12146,
-0.149841,
-0.132141,
-0.142212,
-0.131836,
-0.227661,
0.314026,
0.892639,
0.0216675,
-0.0457764,
-0.0805664,
-0.0653076,
-0.0421143,
-0.00823975,
0.0387573,
0.119019,
0.213928,
0.295105,
0.231934,
0.00549316,
-0.126343,
-0.166016,
-0.163879,
-0.167542,
-0.145874,
-0.145264,
-0.119629,
-0.119934,
-0.114441,
-0.110779,
-0.0906372,
-0.0192261,
-0.00396729,
-0.0360107,
-0.13916,
-0.1474,
-0.152588,
-0.148926,
-0.140686,
-0.238037,
0.567322,
0.666809,
0.00823975,
-0.0671387,
-0.0738525,
-0.0686646,
-0.0332642,
-0.00640869,
0.0534058,
0.13092,
0.230103,
0.286865,
0.184631,
-0.0311279,
-0.148315,
-0.169067,
-0.174866,
-0.162048,
-0.150757,
-0.133972,
-0.131836,
-0.12207,
-0.122986,
-0.115356,
-0.110474,
-0.0299072,
0.00213623,
-0.0375366,
-0.140076,
-0.166931,
-0.153809,
-0.162659,
-0.144653,
-0.246887,
0.444946,
0.761108,
-0.00366211,
-0.06073,
-0.0866699,
-0.0762939,
-0.062561,
-0.0106812,
0.0357056,
0.107422,
0.208435,
0.275269,
0.198975,
-0.032959,
-0.155945,
-0.180664,
-0.187073,
-0.176086,
-0.164795,
-0.152588,
-0.137634,
-0.133057,
-0.133972,
-0.133057,
-0.126648,
-0.0436401,
-0.0228882,
-0.00854492,
-0.130005,
-0.1651,
-0.172119,
-0.158386,
-0.150146,
-0.236206,
0.136719,
0.979309,
0.0421143,
-0.0567627,
-0.0961304,
-0.088501,
-0.0656128,
-0.0305176,
0.0167847,
0.0878906,
0.180054,
0.264587,
0.231628,
0.0161743,
-0.133057,
-0.18219,
-0.184326,
-0.173035,
-0.1651,
-0.147095,
-0.137329,
-0.1297,
-0.128784,
-0.135193,
-0.0872803,
-0.0326538,
-0.00762939,
-0.0552368,
-0.153809,
-0.158997,
-0.158997,
-0.150452,
-0.161133,
-0.22583,
0.758667,
0.469055,
-0.0247192,
-0.0717163,
-0.0909424,
-0.0769043,
-0.0485229,
-0.012207,
0.0543213,
0.135193,
0.226746,
0.275269,
0.148621,
-0.0701904,
-0.162354,
-0.182495,
-0.180359,
-0.169678,
-0.156555,
-0.145569,
-0.137329,
-0.12146,
-0.120239,
-0.120544,
-0.062561,
-0.0280762,
0.00305176,
-0.101013,
-0.162659,
-0.151062,
-0.150757,
-0.148926,
-0.190125,
-0.0558472,
1.02936,
0.154419,
-0.0302124,
-0.0811768,
-0.0848389,
-0.071106,
-0.0259399,
0.010376,
0.0765991,
0.171204,
0.259705,
0.255432,
0.0750732,
-0.109863,
-0.177612,
-0.183411,
-0.173645,
-0.165405,
-0.151672,
-0.138245,
-0.137329,
-0.125122,
-0.118408,
-0.101929,
-0.0350952,
-0.00915527,
-0.0479126,
-0.14679,
-0.163574,
-0.16571,
-0.157776,
-0.149231,
-0.250244,
0.586548,
0.641174,
-0.00457764,
-0.0668335,
-0.0958252,
-0.0756836,
-0.0521851,
-0.00549316,
0.0393677,
0.128174,
0.220337,
0.281067,
0.180054,
-0.0485229,
-0.152893,
-0.179138,
-0.178833,
-0.169373,
-0.147095,
-0.141907,
-0.131836,
-0.118408,
-0.120239,
-0.0991821,
-0.0250244,
0.000305176,
-0.0238037,
-0.128174,
-0.147095,
-0.150452,
-0.14679,
-0.138245,
-0.236206,
0.352478,
0.867615,
0.0262451,
-0.0534058,
-0.085144,
-0.0665283,
-0.0497437,
-0.0128174,
0.0424194,
0.124207,
0.212097,
0.291748,
0.204163,
-0.0125122,
-0.137939,
-0.166626,
-0.1651,
-0.169373,
-0.149841,
-0.142822,
-0.124207,
-0.12146,
-0.120239,
-0.0732422,
-0.0292969,
0.00915527,
-0.0723267,
-0.144958,
-0.157471,
-0.153809,
-0.156555,
-0.159607,
-0.218811,
0.847778,
0.429993,
-0.0189209,
-0.0811768,
-0.0964355,
-0.078125,
-0.0482178,
-0.00549316,
0.0494385,
0.130005,
0.22583,
0.269775,
0.11322,
-0.085144,
-0.174866,
-0.185852,
-0.178528,
-0.172729,
-0.154724,
-0.159607,
-0.13092,
-0.13092,
-0.111694,
-0.0570679,
-0.0415039,
0.00213623,
-0.116577,
-0.164185,
-0.174866,
-0.16571,
-0.151367,
-0.216675,
-0.0164795,
1.04889,
0.113831,
-0.0515747,
-0.100403,
-0.0976563,
-0.0848389,
-0.032959,
-0.00274658,
0.0732422,
0.167542,
0.242004,
0.247192,
0.0274658,
-0.13031,
-0.183411,
-0.194092,
-0.185547,
-0.185242,
-0.151367,
-0.148926,
-0.141602,
-0.10498,
-0.0454712,
-0.0183105,
-0.0497437,
-0.141907,
-0.165405,
-0.165405,
-0.156555,
-0.163269,
-0.253296,
0.376282,
0.84259,
0.00152588,
-0.090332,
-0.0967407,
-0.0918579,
-0.0479126,
-0.0170898,
0.0292969,
0.103149,
0.202026,
0.267944,
0.186768,
-0.0247192,
-0.152588,
-0.171509,
-0.178223,
-0.172729,
-0.162964,
-0.140991,
-0.131531,
-0.0741577,
-0.0521851,
0.0128174,
-0.0820923,
-0.14801,
-0.180664,
-0.164795,
-0.157776,
-0.160828,
-0.224609,
0.837708,
0.364685,
-0.101929,
-0.0820923,
-0.0979614,
-0.072937,
-0.0482178,
-0.00579834,
0.0579834,
0.134888,
0.21698,
0.254822,
0.106201,
-0.071106,
-0.160522,
-0.175171,
-0.171509,
-0.151978,
-0.155029,
-0.124817,
-0.109863,
-0.0375366,
-0.00915527,
-0.0213623,
-0.136414,
-0.155029,
-0.158386,
-0.163574,
-0.136719,
-0.263062,
0.322876,
0.938416,
-0.0326538,
-0.0668335,
-0.0900269,
-0.0741577,
-0.0506592,
-0.00610352,
0.0341797,
0.112915,
0.209351,
0.254822,
0.194702,
-0.0210571,
-0.145874,
-0.15564,
-0.165405,
-0.152283,
-0.149231,
-0.133362,
-0.124512,
-0.108948,
-0.0442505,
-0.012207,
0.0134277,
-0.088501,
-0.14679,
-0.152893,
-0.151062,
-0.152588,
-0.179749,
-0.132141,
1.07513,
0.271912,
-0.00610352,
-0.0894165,
-0.0863647,
-0.0500488,
-0.0302124,
0.0247192,
0.0704956,
0.176086,
0.275574,
0.26886,
0.0848389,
-0.100098,
-0.156555,
-0.152588,
-0.162964,
-0.144653,
-0.131836,
-0.123596,
-0.106201,
-0.0991821,
-0.0997925,
-0.100403,
-0.0326538,
0.00152588,
0.0244141,
-0.0662231,
-0.134583,
-0.124207,
-0.129089,
-0.129395,
-0.144348,
-0.127869,
1.00189,
0.317383,
0.00549316,
-0.0509644,
-0.0585938,
-0.0375366,
-0.000915527,
0.0387573,
0.101929,
0.198059,
0.292358,
0.304871,
0.134888,
-0.0671387,
-0.146179,
-0.144348,
-0.144043,
-0.141296,
-0.116577,
-0.12146,
-0.106201,
-0.103149,
-0.0982666,
-0.0924683,
-0.106201,
-0.0982666,
-0.0177002,
-0.000610352,
0.0326538,
-0.090332,
-0.122375,
-0.129395,
-0.131836,
-0.118713,
-0.160522,
-0.090332,
1.04553,
0.229187,
0.0128174,
-0.0613403,
-0.0619507,
-0.0308228,
-0.00976563,
0.0338745,
0.101318,
0.200195,
0.298157,
0.304565,
0.113525,
-0.0701904,
-0.148315,
-0.163269,
-0.152588,
-0.145264,
-0.127869,
-0.120239,
-0.114136,
-0.101318,
-0.098877,
-0.105591,
-0.107117,
-0.0982666,
-0.0445557,
0.00152588,
0.0280762,
-0.0692749,
-0.124207,
-0.124817,
-0.13855,
-0.118713,
-0.137939,
-0.162659,
0.940247,
0.354004,
0.00732422,
-0.0506592,
-0.0592041,
-0.03479,
-0.0234985,
0.0305176,
0.0814819,
0.182495,
0.274048,
0.302429,
0.150757,
-0.0646973,
-0.154419,
-0.164795,
-0.171204,
-0.15564,
-0.150452,
-0.13855,
-0.125732,
-0.104675,
-0.114136,
-0.116272,
-0.120544,
-0.0888062,
-0.0125122,
0.00244141,
0.000305176,
-0.115662,
-0.13855,
-0.132751,
-0.133667,
-0.131226,
-0.206604,
0.133972,
1.00464,
0.0820923,
-0.0302124,
-0.0704956,
-0.0674438,
-0.0439453,
-0.010376,
0.0360107,
0.111084,
0.214539,
0.289307,
0.280151,
0.0445557,
-0.111389,
-0.167236,
-0.173035,
-0.162048,
-0.15625,
-0.147095,
-0.130615,
-0.119324,
-0.113831,
-0.115967,
-0.119629,
-0.119629,
-0.105896,
-0.0784302,
0.00274658,
0.0128174,
-0.0332642,
-0.125122,
-0.140381,
-0.139465,
-0.127258,
-0.120239,
-0.237122,
0.644226,
0.631104,
0.0265503,
-0.0500488,
-0.0646973,
-0.0506592,
-0.0314331,
0.0128174,
0.0640869,
0.144958,
0.245056,
0.312195,
0.212402,
-0.00701904,
-0.138245,
-0.163574,
-0.165405,
-0.159302,
-0.140991,
-0.13855,
-0.12085,
-0.106201,
-0.116272,
-0.108032,
-0.0814819,
-0.0100708,
0.0180054,
-0.00183105,
-0.111389,
-0.128479,
-0.126343,
-0.134888,
-0.119629,
-0.217896,
0.351868,
0.879822,
0.0427246,
-0.0292969,
-0.0579834,
-0.0521851,
-0.0219727,
0.0152588,
0.0527954,
0.143433,
0.248718,
0.313721,
0.265198,
0.0247192,
-0.117188,
-0.156555,
-0.160522,
-0.157471,
-0.141296,
-0.125732,
-0.112305,
-0.11261,
-0.115967,
-0.104675,
-0.0802612,
-0.017395,
0.0137329,
-0.0259399,
-0.116882,
-0.146484,
-0.134888,
-0.137634,
-0.136108,
-0.223083,
0.52002,
0.72876,
0.00854492,
-0.0546265,
-0.0747681,
-0.0494385,
-0.0311279,
0.0119019,
0.0531006,
0.1474,
0.232239,
0.305786,
0.227661,
-0.00335693,
-0.130615,
-0.168152,
-0.172424,
-0.157166,
-0.152283,
-0.137634,
-0.121155,
-0.122681,
-0.0784302,
-0.0427246,
0.0109863,
-0.0610352,
-0.147095,
-0.161438,
-0.159607,
-0.150146,
-0.154114,
-0.229492,
0.665283,
0.578308,
-0.050354,
-0.0942993,
-0.0912476,
-0.0747681,
-0.043335,
-0.0115967,
0.0424194,
0.1297,
0.214844,
0.275879,
0.169983,
-0.0500488,
-0.142212,
-0.177917,
-0.179749,
-0.169067,
-0.150452,
-0.147705,
-0.127869,
-0.078125,
-0.0549316,
0.00335693,
-0.0784302,
-0.155334,
-0.17334,
-0.160217,
-0.169067,
-0.154114,
-0.224609,
0.799866,
0.433655,
-0.072937,
-0.0772095,
-0.0857544,
-0.0656128,
-0.0372314,
0.0140381,
0.0585938,
0.135498,
0.232849,
0.266113,
0.149841,
-0.0546265,
-0.131531,
-0.158997,
-0.14679,
-0.143433,
-0.128784,
-0.113525,
-0.0811768,
-0.0192261,
-0.00305176,
0.0134277,
-0.0857544,
-0.127258,
-0.144043,
-0.146179,
-0.122681,
-0.205688,
0.162048,
1.09619,
0.0622559,
-0.0274658,
-0.0692749,
-0.06073,
-0.0311279,
-0.00732422,
0.0454712,
0.119324,
0.206299,
0.271301,
0.245667,
0.0228882,
-0.098877,
-0.151978,
-0.144653,
-0.146484,
-0.125427,
-0.121155,
-0.102234,
-0.098877,
-0.0927734,
-0.0567627,
0.000610352,
0.0286865,
-0.0323486,
-0.121765,
-0.144043,
-0.139465,
-0.124207,
-0.140381,
-0.214539,
0.727844,
0.600586,
-0.00152588,
-0.0482178,
-0.085144,
-0.0518799,
-0.039978,
0.0115967,
0.0616455,
0.144958,
0.250549,
0.30304,
0.175476,
-0.0375366,
-0.150757,
-0.160217,
-0.162659,
-0.143433,
-0.147705,
-0.123901,
-0.124817,
-0.113525,
-0.110168,
-0.113525,
-0.111694,
-0.0549316,
-0.000305176,
0.020752,
-0.0732422,
-0.133057,
-0.139771,
-0.142517,
-0.127869,
-0.14679,
-0.187073,
0.928345,
0.366211,
0.0115967,
-0.0720215,
-0.0747681,
-0.0558472,
-0.0268555,
0.0088501,
0.0814819,
0.159302,
0.269165,
0.293884,
0.136414,
-0.0708008,
-0.151672,
-0.171204,
-0.161743,
-0.161743,
-0.146179,
-0.146484,
-0.124207,
-0.119019,
-0.118408,
-0.115051,
-0.116882,
-0.111694,
-0.0332642,
-0.0161743,
0.0238037,
-0.0765991,
-0.132141,
-0.13916,
-0.132446,
-0.136719,
-0.142212,
-0.14801,
0.986328,
0.288696,
0.00732422,
-0.0689697,
-0.0717163,
-0.0460815,
-0.0219727,
0.017395,
0.0909424,
0.170288,
0.279846,
0.302124,
0.140076,
-0.0622559,
-0.138245,
-0.166931,
-0.163879,
-0.1474,
-0.140991,
-0.125122,
-0.0997925,
-0.109253,
-0.111084,
-0.0949097,
-0.105591,
-0.0805664,
0.00946045,
0.0143433,
-0.00213623,
-0.103149,
-0.133972,
-0.135193,
-0.125732,
-0.121765,
-0.213013,
0.33905,
0.905762,
0.0390625,
-0.0177002,
-0.062561,
-0.0515747,
-0.0149536,
0.00244141,
0.0595093,
0.145569,
0.228271,
0.296631,
0.241394,
0.012207,
-0.134583,
-0.1651,
-0.187073,
-0.168152,
-0.155945,
-0.139771,
-0.130005,
-0.122681,
-0.109558,
-0.11261,
-0.107422,
-0.038147,
-0.0170898,
0.0134277,
-0.09552,
-0.148621,
-0.151062,
-0.1474,
-0.138245,
-0.178833,
-0.0540161,
1.02966,
0.163269,
-0.0201416,
-0.0698853,
-0.0762939,
-0.0537109,
-0.0231934,
0.00549316,
0.106201,
0.18158,
0.2771,
0.283508,
0.0949097,
-0.0967407,
-0.163574,
-0.170288,
-0.168457,
-0.151978,
-0.153503,
-0.136108,
-0.114746,
-0.127258,
-0.105591,
-0.101013,
-0.0326538,
-0.00854492,
-0.00549316,
-0.113525,
-0.152893,
-0.153503,
-0.149536,
-0.150452,
-0.219421,
0.0939941,
1.01959,
0.0708008,
-0.0271606,
-0.0897217,
-0.0784302,
-0.0521851,
-0.0250244,
0.0274658,
0.0964355,
0.197754,
0.281677,
0.26001,
0.0506592,
-0.124207,
-0.164185,
-0.187988,
-0.169067,
-0.161743,
-0.145569,
-0.124817,
-0.138245,
-0.122375,
-0.0970459,
-0.0259399,
-0.00579834,
-0.0476074,
-0.141296,
-0.152283,
-0.159912,
-0.158386,
-0.147095,
-0.241394,
0.509644,
0.721741,
-0.0167847,
-0.0735474,
-0.090332,
-0.078125,
-0.0442505,
-0.0128174,
0.0424194,
0.119934,
0.225525,
0.289001,
0.206604,
-0.0238037,
-0.142212,
-0.176697,
-0.166931,
-0.167847,
-0.158691,
-0.135498,
-0.125732,
-0.107117,
-0.0396729,
-0.0180054,
-0.0216675,
-0.116577,
-0.159302,
-0.15625,
-0.145569,
-0.148315,
-0.220337,
0.176697,
0.995178,
0.0115967,
-0.0961304,
-0.0897217,
-0.0817871,
-0.0640869,
-0.017395,
0.0180054,
0.0894165,
0.173035,
0.264282,
0.211792,
0.0250244,
-0.129089,
-0.170593,
-0.175171,
-0.168457,
-0.15686,
-0.146179,
-0.12146,
-0.0646973,
-0.043335,
0,
-0.10437,
-0.166016,
-0.171509,
-0.166931,
-0.163574,
-0.188904,
-0.118408,
1.03424,
0.112,
-0.0964355,
-0.0915527,
-0.0897217,
-0.0689697,
-0.0308228,
0.00640869,
0.0765991,
0.143127,
0.241089,
0.236206,
0.0799561,
-0.115051,
-0.167236,
-0.175171,
-0.163269,
-0.158691,
-0.147705,
-0.126038,
-0.0839233,
-0.0341797,
0.00274658,
-0.0387573,
-0.141602,
-0.153809,
-0.16449,
-0.163879,
-0.155029,
-0.269775,
0.582275,
0.701904,
-0.0592041,
-0.085144,
-0.102539,
-0.0863647,
-0.0561523,
-0.0192261,
0.0354004,
0.114136,
0.209961,
0.250854,
0.16449,
-0.0643921,
-0.150452,
-0.179138,
-0.171814,
-0.169983,
-0.14801,
-0.140076,
-0.117493,
-0.130005,
-0.0854492,
-0.0238037,
-0.00488281,
-0.0350952,
-0.126953,
-0.167236,
-0.161133,
-0.155029,
-0.150757,
-0.247498,
0.317383,
0.947266,
-0.00427246,
-0.050354,
-0.107422,
-0.0921631,
-0.0512695,
-0.0286865,
0.0314331,
0.10498,
0.211487,
0.287476,
0.212708,
-0.0137329,
-0.144043,
-0.173035,
-0.171204,
-0.167236,
-0.148621,
-0.144348,
-0.113525,
-0.131226,
-0.101013,
-0.110474,
-0.104675,
-0.0900269,
-0.00701904,
0.0140381,
-0.00152588,
-0.110474,
-0.137329,
-0.134583,
-0.131226,
-0.119019,
-0.214233,
0.263977,
0.982666,
0.0411987,
-0.0131226,
-0.0656128,
-0.0576782,
-0.0247192,
-0.00396729,
0.0549316,
0.139465,
0.227661,
0.308838,
0.279541,
0.0268555,
-0.107422,
-0.161133,
-0.161133,
-0.141907,
-0.145264,
-0.138245,
-0.124512,
-0.118408,
-0.11322,
-0.109558,
-0.117798,
-0.127869,
-0.113831,
-0.0445557,
-0.022583,
0.0131226,
-0.0985718,
-0.152893,
-0.155029,
-0.151978,
-0.158691,
-0.161133,
-0.158386,
0.968323,
0.27832,
-0.0283813,
-0.0985718,
-0.0839233,
-0.083313,
-0.0411987,
-0.0119019,
0.0448608,
0.143433,
0.25238,
0.267639,
0.108643,
-0.0976563,
-0.181885,
-0.185242,
-0.19165,
-0.186462,
-0.172119,
-0.152893,
-0.151672,
-0.132446,
-0.148315,
-0.127258,
-0.133057,
-0.0622559,
-0.0305176,
-0.0140381,
-0.102844,
-0.166321,
-0.166626,
-0.159607,
-0.166931,
-0.177002,
-0.166931,
0.959473,
0.274658,
-0.0326538,
-0.0753784,
-0.103149,
-0.0604248,
-0.0421143,
0.00457764,
0.0738525,
0.166016,
0.258179,
0.290527,
0.113525,
-0.0958252,
-0.171814,
-0.186768,
-0.187683,
-0.160828,
-0.158691,
-0.144348,
-0.132446,
-0.119324,
-0.114441,
-0.136108,
-0.120544,
-0.124817,
-0.119934,
-0.0454712,
-0.0119019,
0.015564,
-0.0769043,
-0.147095,
-0.149841,
-0.138245,
-0.13855,
-0.151672,
-0.162659,
0.962219,
0.324402,
-0.0109863,
-0.0817871,
-0.0717163,
-0.0637817,
-0.0283813,
0.000610352,
0.0588989,
0.167847,
0.26123,
0.289001,
0.154724,
-0.0738525,
-0.151367,
-0.184937,
-0.168457,
-0.171509,
-0.152283,
-0.1297,
-0.126953,
-0.134888,
-0.107422,
-0.115967,
-0.111694,
-0.0476074,
-0.00854492,
0.00183105,
-0.102234,
-0.144043,
-0.154114,
-0.137634,
-0.13031,
-0.170288,
-0.0326538,
1.0199,
0.149536,
-0.0656128,
-0.0695801,
-0.0805664,
-0.0518799,
-0.0216675,
0.0283813,
0.0842285,
0.190735,
0.281982,
0.295715,
0.0979614,
-0.0866699,
-0.163574,
-0.175781,
-0.158386,
-0.150757,
-0.145264,
-0.124512,
-0.120239,
-0.10376,
-0.0985718,
-0.0384521,
-0.015564,
0.0250244,
-0.0942993,
-0.133972,
-0.138855,
-0.132141,
-0.111694,
-0.155334,
-0.0552368,
1.01288,
0.155945,
-0.071106,
-0.0601196,
-0.0628662,
-0.0411987,
-0.00183105,
0.027771,
0.0991821,
0.189209,
0.274658,
0.290833,
0.134277,
-0.0604248,
-0.140076,
-0.158081,
-0.13916,
-0.143127,
-0.133667,
-0.101929,
-0.106812,
-0.100708,
-0.0250244,
-0.00549316,
0.0302124,
-0.0708008,
-0.13916,
-0.128479,
-0.137329,
-0.13855,
-0.139465,
-0.137329,
0.969238,
0.291748,
-0.0564575,
-0.0506592,
-0.0668335,
-0.0521851,
-0.015564,
0.0253296,
0.0891113,
0.172119,
0.261841,
0.297546,
0.147095,
-0.0640869,
-0.13092,
-0.155029,
-0.154724,
-0.144043,
-0.119324,
-0.121155,
-0.110168,
-0.0991821,
-0.0872803,
-0.0463867,
-0.0137329,
0.0387573,
-0.0634766,
-0.129395,
-0.138245,
-0.140076,
-0.131836,
-0.142822,
-0.156555,
0.905762,
0.400696,
-0.0106812,
-0.0494385,
-0.0601196,
-0.0561523,
-0.0167847,
0.0088501,
0.0686646,
0.175476,
0.257874,
0.313721,
0.15686,
-0.0772095,
-0.143738,
-0.168762,
-0.164795,
-0.162964,
-0.142212,
-0.13092,
-0.117188,
-0.124207,
-0.106506,
-0.0915527,
-0.010376,
-0.0012207,
-0.0341797,
-0.12207,
-0.15564,
-0.150452,
-0.15625,
-0.141296,
-0.237427,
0.365906,
0.877686,
0.00488281,
-0.0491333,
-0.0671387,
-0.0640869,
-0.0384521,
-0.00549316,
0.0598145,
0.122681,
0.245667,
0.310364,
0.243225,
0.0231934,
-0.133667,
-0.153809,
-0.160828,
-0.156555,
-0.144653,
-0.126038,
-0.106506,
-0.108032,
-0.102234,
-0.101929,
-0.0784302,
-0.000305176,
0.0189209,
0.00518799,
-0.104065,
-0.140076,
-0.132446,
-0.123901,
-0.123901,
-0.218811,
0.243225,
0.968628,
0.0457764,
-0.0177002,
-0.0665283,
-0.0524902,
-0.0402832,
-0.000610352,
0.039978,
0.110474,
0.229187,
0.299683,
0.271301,
0.0332642,
-0.127869,
-0.158691,
-0.175171,
-0.16449,
-0.151672,
-0.152283,
-0.124817,
-0.13855,
-0.115662,
-0.134277,
-0.0872803,
-0.0405884,
0.00732422,
-0.0521851,
-0.154419,
-0.15686,
-0.171509,
-0.15686,
-0.154724,
-0.267029,
0.500793,
0.700989,
-0.00946045,
-0.0747681,
-0.0894165,
-0.085144,
-0.0479126,
-0.0137329,
0.0228882,
0.122986,
0.215454,
0.28656,
0.204773,
-0.0213623,
-0.1474,
-0.174255,
-0.173645,
-0.153809,
-0.146179,
-0.144958,
-0.125732,
-0.114136,
-0.119019,
-0.117188,
-0.0759888,
-0.0161743,
0.0164795,
-0.0369263,
-0.125427,
-0.141602,
-0.127563,
-0.137024,
-0.13916,
-0.222473,
0.601501,
0.664063,
0.0146484,
-0.0457764,
-0.0726318,
-0.0494385,
-0.0314331,
0.0088501,
0.0683594,
0.137024,
0.244751,
0.301819,
0.219116,
-0.0180054,
-0.134583,
-0.163269,
-0.16449,
-0.160828,
-0.143433,
-0.12207,
-0.116882,
-0.112,
-0.111694,
-0.115356,
-0.0921631,
-0.0228882,
0.00152588,
-0.00823975,
-0.119019,
-0.148315,
-0.134277,
-0.141907,
-0.133667,
-0.214844,
0.215454,
0.975647,
0.0598145,
-0.0302124,
-0.0735474,
-0.0588989,
-0.0335693,
-0.0137329,
0.0354004,
0.110474,
0.212097,
0.28656,
0.263367,
0.0338745,
-0.104675,
-0.167236,
-0.16571,
-0.163879,
-0.139771,
-0.134277,
-0.117798,
-0.111389,
-0.10437,
-0.119934,
-0.0845337,
-0.0158691,
0.0170898,
-0.0231934,
-0.124512,
-0.142212,
-0.134888,
-0.145569,
-0.125732,
-0.223694,
0.341492,
0.879822,
0.0402832,
-0.0436401,
-0.0592041,
-0.057373,
-0.0241089,
0.0012207,
0.0604248,
0.124207,
0.232544,
0.291138,
0.256653,
0.0268555,
-0.123596,
-0.156555,
-0.151978,
-0.148315,
-0.138245,
-0.12085,
-0.114136,
-0.100708,
-0.111694,
-0.0717163,
-0.0216675,
0.0210571,
-0.017395,
-0.111694,
-0.126953,
-0.145264,
-0.123596,
-0.125427,
-0.206604,
0.282898,
0.942688,
0.0460815,
-0.0500488,
-0.0695801,
-0.0616455,
-0.0335693,
0.00549316,
0.0485229,
0.114441,
0.211487,
0.298767,
0.248718,
0.0335693,
-0.108643,
-0.154419,
-0.160522,
-0.151062,
-0.140991,
-0.117798,
-0.108032,
-0.109558,
-0.0509644,
-0.03479,
0.0439453,
-0.0820923,
-0.141907,
-0.139771,
-0.153503,
-0.122375,
-0.139465,
-0.19989,
0.779724,
0.476074,
-0.0509644,
-0.0799561,
-0.0836182,
-0.0558472,
-0.0241089,
0.012207,
0.0576782,
0.147095,
0.237427,
0.281677,
0.163269,
-0.0372314,
-0.135498,
-0.15625,
-0.163879,
-0.143127,
-0.138245,
-0.118103,
-0.0994873,
-0.0476074,
-0.0283813,
0.0350952,
-0.0668335,
-0.138855,
-0.149231,
-0.143738,
-0.135193,
-0.140991,
-0.189209,
0.892944,
0.352173,
-0.0720215,
-0.0543213,
-0.0726318,
-0.0424194,
-0.0177002,
0.0201416,
0.0836182,
0.142212,
0.246887,
0.273132,
0.145569,
-0.0466919,
-0.132751,
-0.157166,
-0.140991,
-0.139465,
-0.115967,
-0.121155,
-0.0894165,
-0.0241089,
-0.0164795,
0.0335693,
-0.0875854,
-0.137634,
-0.122986,
-0.137634,
-0.125122,
-0.177612,
0.00946045,
1.10901,
0.108032,
-0.0430298,
-0.0656128,
-0.0515747,
-0.0320435,
-0.00244141,
0.0390625,
0.10498,
0.200195,
0.278625,
0.270386,
0.078125,
-0.0723267,
-0.140686,
-0.137634,
-0.122681,
-0.121155,
-0.109253,
-0.0753784,
-0.0991821,
-0.0726318,
-0.00183105,
0.0164795,
0.0354004,
-0.043335,
-0.121765,
-0.11322,
-0.118408,
-0.11261,
-0.149536,
-0.0320435,
1.09467,
0.181885,
-0.0137329,
-0.0369263,
-0.0506592,
-0.0183105,
0.00671387,
0.0604248,
0.12085,
0.217285,
0.308838,
0.314636,
0.120239,
-0.062561,
-0.129089,
-0.128479,
-0.138855,
-0.124817,
-0.110474,
-0.0894165,
-0.0796509,
-0.085144,
-0.0814819,
-0.0753784,
-0.0799561,
-0.0524902,
0.020752,
0.0372314,
0.015564,
-0.0869751,
-0.115051,
-0.122681,
-0.126343,
-0.0985718,
-0.206299,
0.370483,
0.949707,
0.0372314,
-0.0204468,
-0.0558472,
-0.0448608,
-0.0271606,
0.0088501,
0.0595093,
0.145569,
0.238037,
0.31189,
0.260315,
0.0201416,
-0.110779,
-0.171814,
-0.15625,
-0.150757,
-0.156555,
-0.121765,
-0.120239,
-0.107117,
-0.107117,
-0.112915,
-0.0994873,
-0.110474,
-0.100098,
-0.116272,
-0.0970459,
-0.0759888,
0,
0.0149536,
0.022583,
-0.0778198,
-0.11261,
-0.115356,
-0.103149,
-0.107117,
-0.151978,
0.0299072,
1.12152,
0.177002,
0.0219727,
-0.0537109,
-0.0396729,
-0.0247192,
0.00152588,
0.0424194,
0.123291,
0.215149,
0.303955,
0.341187,
0.136719,
-0.0686646,
-0.133667,
-0.144958,
-0.139771,
-0.132751,
-0.119629,
-0.105896,
-0.0973511,
-0.0991821,
-0.0863647,
-0.0967407,
-0.0845337,
-0.0942993,
-0.0888062,
-0.0823975,
-0.0549316,
0.0286865,
0.0415039,
0.0216675,
-0.0839233,
-0.12085,
-0.110779,
-0.101318,
-0.110168,
-0.187988,
0.294495,
0.992432,
0.0704956,
-0.000915527,
-0.0543213,
-0.0494385,
-0.0125122,
0.0134277,
0.055542,
0.140991,
0.22644,
0.32074,
0.292969,
0.0717163,
-0.101624,
-0.15564,
-0.154114,
-0.159607,
-0.149841,
-0.130005,
-0.12085,
-0.114441,
-0.101929,
-0.103455,
-0.103149,
-0.112,
-0.107727,
-0.0180054,
-0.00366211,
0.0183105,
-0.0854492,
-0.142822,
-0.126343,
-0.119324,
-0.122375,
-0.167847,
-0.0720215,
1.04492,
0.213623,
-0.015564,
-0.0720215,
-0.0650024,
-0.0439453,
-0.00854492,
0.0271606,
0.0946045,
0.194092,
0.290527,
0.308228,
0.122681,
-0.0790405,
-0.158081,
-0.173035,
-0.168152,
-0.160828,
-0.139465,
-0.142517,
-0.123901,
-0.12085,
-0.12207,
-0.118408,
-0.123291,
-0.121155,
-0.0820923,
-0.0109863,
0.0143433,
-0.0448608,
-0.129089,
-0.144348,
-0.145264,
-0.140991,
-0.131836,
-0.24231,
0.556946,
0.694885,
0,
-0.0567627,
-0.0796509,
-0.065918,
-0.0488281,
-0.00610352,
0.0375366,
0.119934,
0.233765,
0.296021,
0.226135,
-0.0219727,
-0.151367,
-0.176697,
-0.186768,
-0.177612,
-0.164185,
-0.157776,
-0.147095,
-0.135498,
-0.135193,
-0.13031,
-0.136108,
-0.133057,
-0.135803,
-0.111389,
-0.0326538,
-0.00732422,
-0.00976563,
-0.120239,
-0.141907,
-0.159607,
-0.146179,
-0.135193,
-0.223694,
0.0909424,
1.03394,
0.0762939,
-0.0308228,
-0.0863647,
-0.078125,
-0.0595093,
-0.0305176,
0.0189209,
0.0912476,
0.180969,
0.280151,
0.28656,
0.0692749,
-0.116577,
-0.184021,
-0.193176,
-0.189209,
-0.185242,
-0.157776,
-0.153503,
-0.13916,
-0.138245,
-0.133667,
-0.124512,
-0.129089,
-0.126648,
-0.0750732,
-0.0140381,
0.010376,
-0.0845337,
-0.13855,
-0.152893,
-0.153198,
-0.129089,
-0.15625,
-0.212097,
0.866699,
0.413513,
-0.00823975,
-0.0634766,
-0.0769043,
-0.065918,
-0.0283813,
0.0143433,
0.0579834,
0.157166,
0.25177,
0.318909,
0.195923,
-0.0405884,
-0.139771,
-0.172729,
-0.171509,
-0.155029,
-0.153503,
-0.130005,
-0.12207,
-0.122681,
-0.111389,
-0.121155,
-0.0775146,
-0.0268555,
0.0146484,
-0.0396729,
-0.126343,
-0.142517,
-0.135193,
-0.143127,
-0.128479,
-0.228882,
0.53894,
0.703735,
0.00640869,
-0.0576782,
-0.0610352,
-0.0653076,
-0.038147,
0.00274658,
0.0579834,
0.134583,
0.25238,
0.30304,
0.242615,
0.00366211,
-0.140686,
-0.159302,
-0.166016,
-0.160217,
-0.151062,
-0.126343,
-0.13031,
-0.120239,
-0.116577,
-0.110168,
-0.106506,
-0.0271606,
-0.0125122,
-0.00274658,
-0.115662,
-0.148926,
-0.151062,
-0.142517,
-0.137024,
-0.210571,
0.138245,
0.999451,
0.0512695,
-0.0372314,
-0.0799561,
-0.0674438,
-0.0512695,
-0.00793457,
0.0268555,
0.0976563,
0.204468,
0.280151,
0.283203,
0.0628662,
-0.118408,
-0.161438,
-0.191956,
-0.171814,
-0.153809,
-0.144653,
-0.137939,
-0.122681,
-0.132446,
-0.115662,
-0.0839233,
-0.0469971,
0.00396729,
-0.0582886,
-0.154419,
-0.160522,
-0.163879,
-0.159912,
-0.156555,
-0.237122,
0.652771,
0.585632,
-0.0289917,
-0.072937,
-0.0991821,
-0.0692749,
-0.0524902,
-0.0161743,
0.0436401,
0.12146,
0.23468,
0.296631,
0.194702,
-0.0158691,
-0.15564,
-0.173035,
-0.180664,
-0.160828,
-0.155029,
-0.142212,
-0.129395,
-0.120544,
-0.119629,
-0.0726318,
-0.0360107,
0.00396729,
-0.0802612,
-0.152893,
-0.158691,
-0.160217,
-0.150757,
-0.151367,
-0.194397,
0.865784,
0.387268,
-0.0436401,
-0.0811768,
-0.0839233,
-0.0653076,
-0.0427246,
-0.00488281,
0.0628662,
0.143433,
0.239258,
0.293274,
0.151062,
-0.0527954,
-0.159912,
-0.177307,
-0.177612,
-0.171204,
-0.146179,
-0.135498,
-0.136719,
-0.125427,
-0.0500488,
-0.0442505,
0.00823975,
-0.119934,
-0.171204,
-0.162048,
-0.151978,
-0.157776,
-0.177917,
-0.0860596,
1.01563,
0.179749,
-0.0842285,
-0.0958252,
-0.0830078,
-0.0741577,
-0.0286865,
0.015564,
0.0653076,
0.150757,
0.250244,
0.274353,
0.105286,
-0.0845337,
-0.158997,
-0.1651,
-0.175171,
-0.160828,
-0.154724,
-0.131531,
-0.11322,
-0.0674438,
-0.0485229,
0.00305176,
-0.0765991,
-0.148621,
-0.158081,
-0.159302,
-0.153198,
-0.152283,
-0.194702,
0.788879,
0.409241,
-0.0817871,
-0.0872803,
-0.0827026,
-0.0735474,
-0.0482178,
0.00732422,
0.0473022,
0.130005,
0.227051,
0.265503,
0.153198,
-0.0512695,
-0.144348,
-0.167847,
-0.16571,
-0.151062,
-0.155334,
-0.12085,
-0.11322,
-0.0891113,
-0.0332642,
0.00335693,
-0.0317383,
-0.126038,
-0.144348,
-0.158386,
-0.144653,
-0.144043,
-0.236206,
0.43457,
0.845337,
-0.0500488,
-0.0643921,
-0.0842285,
-0.072937,
-0.0534058,
-0.0112915,
0.0360107,
0.116272,
0.206299,
0.276184,
0.226746,
-0.00671387,
-0.126343,
-0.162354,
-0.162659,
-0.153503,
-0.134277,
-0.137634,
-0.110168,
-0.111694,
-0.115356,
-0.103455,
-0.0637817,
-0.0204468,
0.0442505,
-0.0567627,
-0.129089,
-0.134583,
-0.134583,
-0.12207,
-0.137939,
-0.206299,
0.752869,
0.560608,
0.0012207,
-0.0610352,
-0.0643921,
-0.0534058,
-0.0247192,
0.0149536,
0.06073,
0.1474,
0.255127,
0.308533,
0.207825,
-0.0424194,
-0.148315,
-0.165405,
-0.158691,
-0.158691,
-0.141907,
-0.133667,
-0.123901,
-0.103455,
-0.107727,
-0.113525,
-0.101929,
-0.101624,
-0.03479,
-0.0012207,
0.0177002,
-0.0894165,
-0.134277,
-0.133057,
-0.130005,
-0.13092,
-0.151978,
-0.118713,
1.03546,
0.263672,
0,
-0.0741577,
-0.0692749,
-0.038147,
-0.027771,
0.0149536,
0.088501,
0.173645,
0.280457,
0.311279,
0.138245,
-0.0753784,
-0.153809,
-0.184631,
-0.165405,
-0.166321,
-0.159302,
-0.131836,
-0.126648,
-0.121155,
-0.11322,
-0.128784,
-0.117493,
-0.121765,
-0.115967,
-0.101929,
-0.0238037,
-0.00396729,
0.0149536,
-0.101318,
-0.139771,
-0.137024,
-0.137329,
-0.135193,
-0.160217,
-0.0460815,
1.07452,
0.166321,
0.00488281,
-0.0827026,
-0.0726318,
-0.057373,
-0.0131226,
0.020752,
0.0964355,
0.174561,
0.282898,
0.307617,
0.125427,
-0.0799561,
-0.167542,
-0.180359,
-0.178223,
-0.161438,
-0.143738,
-0.137939,
-0.137634,
-0.122375,
-0.128479,
-0.118408,
-0.123901,
-0.131836,
-0.11261,
-0.0289917,
-0.0128174,
-0.0143433,
-0.124512,
-0.148315,
-0.161438,
-0.152283,
-0.15564,
-0.204468,
-0.0219727,
1.04523,
0.114746,
-0.0326538,
-0.0985718,
-0.090332,
-0.0787354,
-0.0521851,
0.00457764,
0.0534058,
0.167236,
0.249329,
0.275269,
0.0671387,
-0.127869,
-0.194397,
-0.213318,
-0.210876,
-0.204773,
-0.188293,
-0.171509,
-0.165405,
-0.167236,
-0.162659,
-0.163574,
-0.162659,
-0.140991,
-0.0686646,
-0.0543213,
-0.0537109,
-0.16449,
-0.186462,
-0.195007,
-0.192261,
-0.185852,
-0.262146,
0.0668335,
0.969849,
0.0222778,
-0.0796509,
-0.126343,
-0.117798,
-0.0897217,
-0.0695801,
-0.0112915,
0.0500488,
0.154114,
0.245972,
0.24353,
0.0332642,
-0.150452,
-0.211792,
-0.215759,
-0.213318,
-0.194092,
-0.183411,
-0.169983,
-0.1651,
-0.155334,
-0.158691,
-0.151672,
-0.149231,
-0.0790405,
-0.039978,
-0.0238037,
-0.134583,
-0.175171,
-0.18158,
-0.177917,
-0.164185,
-0.198669,
-0.101929,
0.99823,
0.164185,
-0.039978,
-0.10376,
-0.0952148,
-0.0683594,
-0.0515747,
-0.00488281,
0.0616455,
0.14679,
0.258789,
0.279541,
0.106201,
-0.0976563,
-0.187073,
-0.194092,
-0.184326,
-0.190125,
-0.158081,
-0.162659,
-0.13916,
-0.13916,
-0.143433,
-0.137634,
-0.130615,
-0.0997925,
-0.0180054,
-0.017395,
-0.0515747,
-0.138245,
-0.163574,
-0.167542,
-0.141602,
-0.145569,
-0.244141,
0.554199,
0.674438,
-0.00488281,
-0.0610352,
-0.0759888,
-0.0772095,
-0.0430298,
-0.00427246,
0.0363159,
0.13092,
0.224609,
0.292358,
0.238342,
0.00305176,
-0.138855,
-0.17334,
-0.178528,
-0.163269,
-0.150146,
-0.139771,
-0.133972,
-0.12207,
-0.115051,
-0.107117,
-0.065918,
-0.0180054,
0.0183105,
-0.0827026,
-0.141296,
-0.143738,
-0.154724,
-0.140991,
-0.148315,
-0.16571,
0.920715,
0.33844,
-0.0125122,
-0.0689697,
-0.0662231,
-0.0592041,
-0.0335693,
0.017395,
0.0805664,
0.158081,
0.246277,
0.322571,
0.166016,
-0.0588989,
-0.155029,
-0.176086,
-0.160522,
-0.151672,
-0.141296,
-0.137329,
-0.111389,
-0.115356,
-0.108643,
-0.106506,
-0.0244141,
-0.010376,
0.0100708,
-0.100403,
-0.151672,
-0.148621,
-0.133667,
-0.132446,
-0.180359,
0.0280762,
1.04797,
0.128174,
-0.0350952,
-0.0552368,
-0.0570679,
-0.0561523,
-0.0088501,
0.0378418,
0.0973511,
0.202942,
0.286865,
0.307617,
0.116272,
-0.0784302,
-0.152283,
-0.147095,
-0.148621,
-0.136719,
-0.126343,
-0.114441,
-0.106201,
-0.0985718,
-0.0640869,
-0.0125122,
0.0302124,
-0.038147,
-0.124512,
-0.14801,
-0.136719,
-0.132446,
-0.129395,
-0.22583,
0.665894,
0.657043,
0.0158691,
-0.0509644,
-0.0622559,
-0.0595093,
-0.0274658,
0.0222778,
0.0665283,
0.143738,
0.24353,
0.312195,
0.223999,
-0.00915527,
-0.133057,
-0.151062,
-0.151978,
-0.137634,
-0.12146,
-0.121155,
-0.098877,
-0.0970459,
-0.090332,
-0.027771,
-0.0128174,
0.0521851,
-0.0588989,
-0.125732,
-0.117798,
-0.121765,
-0.119934,
-0.124207,
-0.124207,
1.02936,
0.312805,
0.0143433,
-0.0466919,
-0.0585938,
-0.0341797,
0.00244141,
0.0427246,
0.102539,
0.188293,
0.289001,
0.328064,
0.163879,
-0.0424194,
-0.119019,
-0.137939,
-0.131531,
-0.115662,
-0.105896,
-0.0991821,
-0.0805664,
-0.0717163,
0.00427246,
0.00915527,
0.0418091,
-0.0775146,
-0.114136,
-0.122375,
-0.122681,
-0.11322,
-0.166931,
0.0527954,
1.1142,
0.145874,
-0.00793457,
-0.0582886,
-0.0445557,
-0.0256348,
0.0131226,
0.057373,
0.114746,
0.207825,
0.290222,
0.299988,
0.109253,
-0.0836182,
-0.141602,
-0.13916,
-0.143738,
-0.119324,
-0.126038,
-0.10437,
-0.0921631,
-0.0210571,
-0.00579834,
-0.000305176,
-0.0967407,
-0.138855,
-0.150146,
-0.148315,
-0.130615,
-0.180359,
-0.00732422,
1.08398,
0.126953,
-0.0811768,
-0.0762939,
-0.0735474,
-0.0463867,
-0.0262451,
0.0195313,
0.0772095,
0.169373,
0.235291,
0.264893,
0.0668335,
-0.100403,
-0.148315,
-0.158081,
-0.155945,
-0.155334,
-0.138245,
-0.116272,
-0.0390625,
-0.0384521,
0.0195313,
-0.0946045,
-0.155945,
-0.150146,
-0.163269,
-0.14679,
-0.166321,
-0.184021,
0.948181,
0.264282,
-0.0787354,
